#    0.000   0.000   0.000 ;Mean Elev.(m), Avg Gradient(m/km), RMS Gradient(m/km) - SRTM1     
#    0.000   0.000   0.000 ;Mean Elev.(m), Avg Gradient(m/km), RMS Gradient(m/km) - ASTER GDEM
#  238.489  -0.037   1.805 ;Mean Elev.(m), Avg Gradient(m/km), RMS Gradient(m/km) - GMTED2010 
  7 306.818436 -22.711455   237.432   234.661  7 52473.55449927 13.968
  8 306.827429 -22.702043   231.363   231.447  8 52508.55446535 40.611
  9 306.829845 -22.701277   234.277   234.326  8 52543.55445465 15.237
 10 306.819020 -22.710191   234.409   234.285  8 52578.55450326 22.338
 11 306.822935 -22.704607   236.638   234.959  8 52613.55446777 25.553
 12 306.825879 -22.704132   234.738   234.745  8 52648.55444933 43.814
 13 306.834314 -22.696951   235.624   235.583  9 52683.55442491 39.375
 15 306.809975 -22.721706   235.380   235.290  6 52753.55451060 15.012
 16 306.818833 -22.711274   233.941   233.906  8 52788.55445475 30.926
 17 306.823064 -22.705317   234.585   234.589  8 52823.55452478 31.365
 18 306.826581 -22.702403   234.919   234.914  8 52858.55457063 20.676
 19 306.820300 -22.709203   234.933   234.861  8 52893.55460360 20.620
 20 306.824312 -22.704857   235.775   234.927  8 52928.55455338 20.820
 21 306.827898 -22.701889   236.172   234.999  8 52963.55453334 17.295
 22 306.817861 -22.711161   235.161   234.740  5 52998.55457310 15.317
 23 306.824486 -22.704986   237.904   238.633  8 53033.55452560 20.896
 24 306.825897 -22.702978   237.416   238.066  8 53068.55453962 14.841
 25 306.824487 -22.703916   234.322   234.371  8 53103.55452715 45.640
 26 306.826423 -22.704090   239.653   240.925  8 53138.55454363 17.815
 27 306.821602 -22.707701   236.615   235.135  9 53173.55458626 27.912
 28 306.822576 -22.705699   235.615   235.662  8 53208.55460202 28.993
 29 306.828998 -22.700436   234.832   234.907  8 53243.55456824 46.906
 30 306.819813 -22.709985   236.511   236.367  8 53278.55454761 20.382
 31 306.821629 -22.707323   234.587   234.568  8 53313.55457499 45.856
 32 306.828449 -22.701148   234.888   234.812  8 53348.55453938 19.092
 33 306.822225 -22.706370   236.808   235.668  8 53383.55451069 25.483
 34 306.834646 -22.696400   235.095   235.149  9 53418.55451792 46.119
 35 306.823657 -22.704744   235.484   235.440  8 53453.55452378 31.366
 36 306.812679 -22.719317   234.710   234.738  5 53488.55461167 22.930
 37 306.827854 -22.703073   236.291   234.845  8 53523.55459661 18.503
 38 306.814748 -22.716806   234.303   234.145  6 53558.55462613 24.917
 39 306.835495 -22.696211   234.739   234.841  8 53593.55455886 48.155
 40 306.811023 -22.720796   233.850   233.891  5 53628.55455585 20.577
 41 306.819231 -22.710525   234.636   234.327  8 53663.55457839 26.103
 42 306.827490 -22.701719   234.488   234.462  8 53698.55453731 43.786
 43 306.833481 -22.698026   235.156   235.086  9 53733.55445885 17.803
 44 306.830948 -22.699011   236.180   234.981  9 53768.55443999 18.754
 45 306.832003 -22.699066   236.282   236.273  8 53803.55443710 36.160
 46 306.820341 -22.708593   236.505   236.511  8 53838.55445592 37.967
 47 306.824831 -22.704316   235.246   235.182  9 53873.55450342 23.182
 48 306.816700 -22.714132   234.634   234.623  6 53908.55454842 16.995
 49 306.811609 -22.719886   234.437   234.547  6 53943.55457411 19.868
 50 306.824281 -22.705544   235.914   235.111  8 53978.55452198 19.284
 51 306.822859 -22.706256   238.151   238.193  9 54013.55453302 26.014
 52 306.832652 -22.698219   234.790   234.801  8 54048.55453929 21.569
 54 306.829115 -22.701684   238.966   238.026  8 54118.55446161 23.644
 55 306.823020 -22.706593   239.062   238.304  8 54153.55448807 27.934
 56 306.828360 -22.701611   234.970   235.026  8 54188.55445656 46.602
 57 306.822443 -22.705960   234.789   234.747  8 54223.55449728 42.933
 58 306.824980 -22.704703   236.184   234.777  8 54258.55451885 22.558
 59 306.826100 -22.702951   234.837   234.906  8 54293.55452191 47.896
 60 306.828715 -22.701156   234.780   234.848  8 54328.55451590 20.435
 61 306.828832 -22.701535   235.323   235.303  8 54363.55446350 30.238
 62 306.826372 -22.704063   236.120   234.834  8 54398.55445694 15.824
 63 306.829428 -22.700772   234.322   234.319  9 54433.55441405 17.242
 64 306.826256 -22.702814   234.988   235.130  8 54468.55443929 39.293
 66 306.827238 -22.702897   236.733   235.434  8 54538.55445446 37.804
 67 306.829282 -22.701263   235.960   235.965  9 54573.55443014 31.669
 68 306.824680 -22.705555   235.043   235.019  8 54608.55444813 36.994
 69 306.825056 -22.704223   234.331   234.219  9 54643.55445626 19.381
 70 306.823832 -22.705881   234.868   234.665  8 54678.55445791 25.522
 71 306.830661 -22.699713   234.643   234.706  8 54713.55440930 18.205
 72 306.822859 -22.706356   234.453   234.326  9 54748.55442819 24.442
 73 306.827403 -22.703410   236.124   234.653  8 54783.55439766 33.567
 74 306.824864 -22.703492   234.326   234.371  8 54818.55441938 24.208
 75 306.827461 -22.703312   237.628   237.177  8 54853.55439481 13.639
 76 306.823122 -22.705587   236.199   236.233  9 54888.55442516 42.528
 77 306.826954 -22.703080   237.746   236.362  9 54923.55439390 15.600
 78 306.822416 -22.706630   234.527   234.500  9 54958.55442160 47.931
 79 306.821681 -22.707610   234.687   234.702  9 54993.55444481 25.466
 80 306.825684 -22.705171   234.632   234.709  8 55028.55443416 20.015
 81 306.826429 -22.703971   234.613   234.634  8 55063.55442561 48.720
 82 306.827778 -22.701889   235.062   235.026  8 55098.55437164 19.011
 83 306.823653 -22.705601   236.986   235.758  8 55133.55437062 29.523
 84 306.829078 -22.700957   236.431   236.427  9 55168.55433401 37.856
 85 306.823484 -22.705539   238.272   238.376  9 55203.55436320 39.608
 86 306.826851 -22.702187   236.912   236.737  8 55238.55434234 27.537
 87 306.825797 -22.702720   235.478   235.531  8 55273.55435593 25.993
 88 306.829691 -22.700241   237.164   235.289  8 55308.55432380 26.391
 89 306.826267 -22.704521   236.871   235.124  8 55343.55432544 22.390
 90 306.827146 -22.702599   234.779   234.766  8 55378.55431941 19.730
 91 306.824720 -22.704580   234.697   234.702  8 55413.55434413 22.453
 92 306.828072 -22.700970   234.525   234.547  8 55448.55433252 20.556
 93 306.831125 -22.698911   236.791   234.962  8 55483.55425997 19.559
