#    0.000   0.000   0.000 ;Mean Elev.(m), Avg Gradient(m/km), RMS Gradient(m/km) - SRTM1     
#    0.000   0.000   0.000 ;Mean Elev.(m), Avg Gradient(m/km), RMS Gradient(m/km) - ASTER GDEM
#   24.586  -0.108   1.370 ;Mean Elev.(m), Avg Gradient(m/km), RMS Gradient(m/km) - GMTED2010 
  7    24.828 52460.09609665 49.69 300.401814 -30.105602 43.764
  7    24.892 52460.09609730 49.26 300.400924 -30.102322 43.764
  7    24.771 52460.09609794 51.21 300.400034 -30.099042 43.764
  7    24.741 52460.09609859 51.75 300.399144 -30.095762 43.764
  7    24.761 52460.09609923 50.03 300.398254 -30.092482 43.764
  7    24.779 52460.09609988 50.99 300.397368 -30.089205 45.432
  7    24.817 52460.09610052 51.40 300.396478 -30.085925 45.432
  7    24.846 52460.09610117 50.40 300.395588 -30.082645 45.432
  7    24.869 52460.09610181 51.48 300.394698 -30.079365 45.432
  9    23.522 52530.09607324 19.93 300.401929 -30.106693 23.905
  9    23.519 52530.09607389 19.98 300.401049 -30.103413 23.905
  9    23.399 52530.09607453 19.43 300.400149 -30.100133 23.905
  9    23.332 52530.09607518 21.10 300.399259 -30.096853 23.905
  9    23.333 52530.09607582 22.53 300.398369 -30.093573 23.905
  9    23.113 52530.09607647 25.31 300.397479 -30.090293 23.905
  9    23.184 52530.09607711 26.65 300.396589 -30.087013 23.905
  9    23.388 52530.09607776 27.10 300.395709 -30.083743 23.905
  9    23.768 52530.09607840 27.24 300.394819 -30.080463 23.905
  9    24.664 52530.09607905 29.78 300.393929 -30.077183 23.905
 10    25.114 52565.09609413 51.23 300.404934 -30.090636 47.713
 10    25.001 52565.09609478 52.77 300.404044 -30.087356 47.713
 10    24.945 52565.09609542 53.11 300.403154 -30.084076 47.713
 10    24.968 52565.09609607 51.67 300.402264 -30.080806 47.713
 10    24.991 52565.09609671 50.00 300.401374 -30.077526 47.713
 10    25.030 52565.09609735 43.07 300.400484 -30.074246 47.713
 10    24.948 52565.09609800 33.09 300.399594 -30.070966 47.713
 11    24.332 52600.09611541 30.68 300.394863 -30.120023 42.277
 11    24.461 52600.09611606 24.54 300.393973 -30.116753 42.277
 11    24.636 52600.09611670 25.70 300.393083 -30.113473 42.277
 11    24.686 52600.09611735 23.04 300.392193 -30.110193 42.277
 11    24.258 52600.09611799 17.23 300.391303 -30.106913 42.277
 11    24.127 52600.09611864 17.76 300.390413 -30.103633 42.277
 11    23.906 52600.09611928 18.71 300.389527 -30.100354 32.933
 11    24.051 52600.09611992 18.68 300.388637 -30.097074 32.933
 11    24.451 52600.09612057 19.49 300.387747 -30.093794 32.933
 11    24.674 52600.09612121 24.19 300.386857 -30.090514 32.933
 11    24.808 52600.09612186 34.76 300.385967 -30.087244 32.933
 12    25.718 52635.09607336 49.77 300.400689 -30.113504 42.389
 12    25.771 52635.09607400 51.58 300.399799 -30.110224 42.389
 12    25.671 52635.09607465 51.13 300.398919 -30.106944 42.389
 12    25.652 52635.09607529 52.29 300.398019 -30.103664 42.389
 12    25.650 52635.09607593 52.02 300.397134 -30.100387 47.873
 12    25.679 52635.09607658 52.18 300.396244 -30.097107 47.873
 12    25.695 52635.09607722 51.75 300.395354 -30.093827 47.873
 12    25.726 52635.09607787 47.37 300.394464 -30.090547 47.873
 12    25.753 52635.09607851 47.03 300.393574 -30.087267 47.873
 12    25.782 52635.09607916 47.43 300.392684 -30.083997 47.873
 12    25.817 52635.09607980 43.46 300.391794 -30.080717 47.873
 13    24.664 52670.09608268 26.40 300.399108 -30.115835 33.868
 13    24.618 52670.09608332 24.74 300.398218 -30.112565 33.868
 13    24.639 52670.09608397 21.20 300.397328 -30.109285 33.868
 13    24.617 52670.09608461 22.37 300.396438 -30.106005 33.868
 13    24.525 52670.09608526 19.36 300.395548 -30.102725 33.868
 13    24.290 52670.09608590 18.96 300.394658 -30.099445 33.868
 13    24.228 52670.09608655 19.41 300.393770 -30.096167 36.393
 13    24.350 52670.09608719 19.08 300.392880 -30.092887 36.393
 13    24.654 52670.09608784 22.72 300.391990 -30.089607 36.393
 13    24.821 52670.09608848 28.73 300.391100 -30.086327 36.393
 13    24.967 52670.09608913 37.54 300.390210 -30.083047 36.393
 14    25.997 52705.09607520 33.82 300.402506 -30.101116 35.940
 14    26.015 52705.09607584 31.08 300.401616 -30.097836 35.940
 14    26.046 52705.09607649 34.25 300.400726 -30.094556 35.940
 14    26.059 52705.09607713 34.24 300.399836 -30.091286 35.940
 14    26.023 52705.09607778 32.70 300.398946 -30.088006 35.940
 14    25.987 52705.09607842 30.99 300.398056 -30.084726 35.940
 14    25.962 52705.09607907 29.53 300.397166 -30.081446 35.940
 14    25.822 52705.09607971 29.16 300.396286 -30.078166 35.940
 14    25.929 52705.09608036 36.60 300.395386 -30.074886 35.940
 15    25.014 52740.09610731 27.99 300.398257 -30.116017 43.622
 15    24.674 52740.09610796 23.71 300.397367 -30.112737 43.622
 15    24.738 52740.09610860 20.38 300.396477 -30.109457 43.622
 15    24.511 52740.09610925 20.66 300.395587 -30.106177 43.622
 15    24.545 52740.09610989 21.07 300.394700 -30.102899 33.860
 15    24.055 52740.09611054 20.98 300.393810 -30.099619 33.860
 15    24.368 52740.09611118 21.57 300.392920 -30.096339 33.860
 15    24.641 52740.09611183 22.20 300.392030 -30.093059 33.860
 15    25.010 52740.09611247 24.56 300.391140 -30.089779 33.860
 15    25.142 52740.09611312 27.10 300.390250 -30.086509 33.860
 15    25.221 52740.09611376 31.22 300.389360 -30.083229 33.860
 16    24.226 52775.09605565 50.83 300.400846 -30.111832 43.119
 16    24.307 52775.09605629 53.81 300.399956 -30.108562 43.119
 16    24.389 52775.09605694 51.02 300.399066 -30.105282 43.119
 16    24.412 52775.09605758 50.73 300.398176 -30.102002 43.119
 16    24.444 52775.09605822 50.33 300.397286 -30.098722 43.119
 16    24.299 52775.09605887 50.63 300.396396 -30.095442 43.119
 16    24.307 52775.09605951 53.12 300.395508 -30.092164 45.329
 16    24.337 52775.09606016 52.56 300.394618 -30.088884 45.329
 16    24.363 52775.09606080 51.63 300.393728 -30.085604 45.329
 16    24.396 52775.09606145 53.06 300.392848 -30.082324 45.329
 16    24.436 52775.09606209 51.01 300.391958 -30.079044 45.329
 17    24.056 52810.09612983 28.72 300.400381 -30.112880 33.173
 17    24.060 52810.09613047 25.83 300.399491 -30.109600 33.173
 17    23.862 52810.09613111 23.24 300.398601 -30.106320 33.173
 17    23.878 52810.09613176 20.62 300.397714 -30.103044 25.803
 17    23.766 52810.09613240 18.90 300.396824 -30.099764 25.803
 17    23.691 52810.09613305 17.89 300.395934 -30.096484 25.803
 17    23.676 52810.09613369 19.11 300.395044 -30.093204 25.803
 17    23.908 52810.09613434 19.01 300.394154 -30.089924 25.803
 17    24.277 52810.09613498 21.09 300.393264 -30.086644 25.803
 17    24.311 52810.09613563 25.36 300.392374 -30.083374 25.803
 17    24.223 52810.09613627 34.31 300.391484 -30.080094 25.803
 18    23.381 52845.09618677 20.18 300.401208 -30.108649 38.810
 18    23.472 52845.09618741 16.44 300.400318 -30.105369 38.810
 18    23.122 52845.09618806 16.28 300.399431 -30.102092 20.886
 18    23.257 52845.09618870 15.45 300.398541 -30.098812 20.886
 18    23.253 52845.09618935 14.84 300.397651 -30.095532 20.886
 18    23.346 52845.09618999 15.41 300.396761 -30.092252 20.886
 18    23.626 52845.09619064 16.25 300.395871 -30.088972 20.886
 18    24.052 52845.09619128 17.10 300.394981 -30.085702 20.886
 18    24.244 52845.09619193 20.05 300.394091 -30.082422 20.886
 18    24.593 52845.09619257 25.44 300.393201 -30.079142 20.886
 19    23.034 52880.09622337 16.31 300.398815 -30.113660 37.325
 19    23.166 52880.09622402 17.90 300.397925 -30.110380 37.325
 19    23.257 52880.09622466 17.02 300.397035 -30.107100 37.325
 19    23.293 52880.09622531 16.42 300.396145 -30.103820 37.325
 19    23.153 52880.09622595 16.52 300.395254 -30.100543 30.659
 19    23.174 52880.09622660 16.77 300.394364 -30.097263 30.659
 19    22.991 52880.09622724 18.61 300.393474 -30.093983 30.659
 19    23.275 52880.09622789 19.73 300.392584 -30.090703 30.659
 19    23.894 52880.09622853 21.94 300.391694 -30.087423 30.659
 19    24.108 52880.09622918 26.64 300.390804 -30.084153 30.659
 19    23.298 52880.09622982 37.42 300.389914 -30.080873 30.659
 20    23.807 52915.09618178 53.96 300.400790 -30.109077 40.896
 20    23.892 52915.09618242 51.85 300.399900 -30.105797 40.896
 20    23.935 52915.09618307 53.37 300.399010 -30.102517 40.896
 20    23.805 52915.09618371 52.84 300.398118 -30.099238 48.346
 20    23.803 52915.09618436 51.97 300.397228 -30.095958 48.346
 20    23.841 52915.09618500 52.01 300.396348 -30.092678 48.346
 20    23.871 52915.09618565 53.02 300.395458 -30.089398 48.346
 20    23.907 52915.09618629 54.13 300.394568 -30.086118 48.346
 20    23.944 52915.09618694 52.34 300.393678 -30.082848 48.346
 20    23.987 52915.09618758 49.04 300.392788 -30.079568 48.346
 21    24.181 52950.09614355 42.42 300.404936 -30.096214 31.620
 21    24.247 52950.09614420 44.54 300.404046 -30.092934 31.620
 21    24.242 52950.09614484 46.22 300.403159 -30.089658 39.616
 21    24.221 52950.09614548 44.05 300.402269 -30.086378 39.616
 21    23.996 52950.09614613 43.06 300.401379 -30.083098 39.616
 21    23.975 52950.09614677 40.23 300.400489 -30.079818 39.616
 21    24.015 52950.09614742 38.97 300.399599 -30.076538 39.616
 21    24.197 52950.09614806 43.44 300.398709 -30.073258 39.616
 22    23.955 52985.09616711 18.27 300.403828 -30.100931 32.795
 22    23.764 52985.09616776 16.65 300.402938 -30.097651 32.795
 22    23.821 52985.09616840 16.16 300.402048 -30.094371 32.795
 22    23.780 52985.09616905 16.58 300.401159 -30.091093 20.561
 22    23.762 52985.09616969 16.92 300.400269 -30.087813 20.561
 22    23.764 52985.09617034 16.66 300.399379 -30.084533 20.561
 22    23.964 52985.09617098 17.50 300.398489 -30.081253 20.561
 22    24.212 52985.09617163 23.31 300.397599 -30.077973 20.561
 22    24.305 52985.09617227 26.46 300.396709 -30.074703 20.561
 23    25.008 53020.09615590 31.27 300.400555 -30.112088 20.336
 23    24.780 53020.09615654 26.16 300.399665 -30.108808 20.336
 23    24.757 53020.09615719 25.09 300.398775 -30.105538 20.336
 23    24.561 53020.09615783 22.70 300.397885 -30.102258 20.336
 23    24.288 53020.09615847 23.04 300.396995 -30.098978 20.336
 23    24.011 53020.09615912 21.98 300.396105 -30.095698 20.336
 23    24.300 53020.09615976 21.23 300.395215 -30.092418 20.336
 23    24.669 53020.09616041 22.48 300.394323 -30.089140 37.697
 23    24.837 53020.09616105 23.90 300.393443 -30.085860 37.697
 23    25.003 53020.09616170 27.16 300.392553 -30.082580 37.697
 23    25.393 53020.09616234 38.33 300.391663 -30.079300 37.697
 24    23.544 53055.09614551 16.94 300.403494 -30.097883 41.339
 24    23.579 53055.09614616 16.28 300.402600 -30.094605 28.707
 24    23.588 53055.09614680 17.02 300.401710 -30.091325 28.707
 24    23.786 53055.09614745 17.55 300.400820 -30.088045 28.707
 24    23.820 53055.09614809 18.46 300.399930 -30.084765 28.707
 24    23.709 53055.09614874 19.68 300.399040 -30.081485 28.707
 24    23.718 53055.09614938 23.25 300.398150 -30.078215 28.707
 24    24.536 53055.09615003 24.33 300.397260 -30.074935 28.707
 25    23.665 53090.09617837 42.64 300.391948 -30.121552 33.921
 25    23.662 53090.09617901 34.42 300.391058 -30.118272 33.921
 25    23.579 53090.09617966 30.76 300.390168 -30.114992 33.921
 25    23.589 53090.09618030 26.72 300.389278 -30.111722 33.921
 25    23.381 53090.09618094 25.62 300.388388 -30.108442 33.921
 25    23.661 53090.09618159 22.63 300.387498 -30.105162 33.921
 25    23.646 53090.09618223 27.24 300.386608 -30.101882 33.921
 25    23.665 53090.09618288 28.52 300.385718 -30.098602 33.921
 25    23.742 53090.09618352 30.94 300.384827 -30.095323 35.234
 25    23.860 53090.09618417 39.33 300.383947 -30.092043 35.234
 26    24.166 53125.09615173 18.22 300.401980 -30.104514 28.364
 26    23.931 53125.09615237 17.49 300.401100 -30.101234 28.364
 26    23.635 53125.09615302 16.60 300.400210 -30.097954 28.364
 26    23.310 53125.09615366 17.45 300.399316 -30.094678 22.774
 26    23.571 53125.09615431 16.37 300.398426 -30.091398 22.774
 26    23.696 53125.09615495 16.08 300.397536 -30.088118 22.774
 26    23.943 53125.09615560 17.77 300.396646 -30.084838 22.774
 26    24.222 53125.09615624 17.31 300.395756 -30.081558 22.774
 26    24.375 53125.09615688 27.11 300.394866 -30.078288 22.774
 27    24.670 53160.09621037 53.02 300.395857 -30.117396 48.030
 27    24.741 53160.09621101 50.94 300.394957 -30.114116 48.030
 27    24.825 53160.09621166 47.03 300.394077 -30.110836 48.030
 27    24.878 53160.09621230 51.11 300.393187 -30.107556 48.030
 27    24.795 53160.09621294 51.49 300.392297 -30.104276 48.030
 27    24.745 53160.09621359 51.38 300.391405 -30.100999 43.048
 27    24.772 53160.09621423 51.94 300.390515 -30.097719 43.048
 27    24.791 53160.09621488 50.44 300.389625 -30.094439 43.048
 27    24.819 53160.09621552 51.74 300.388735 -30.091159 43.048
 27    24.851 53160.09621617 47.30 300.387845 -30.087879 43.048
 27    24.889 53160.09621681 48.87 300.386955 -30.084609 43.048
 28    24.108 53195.09620810 48.60 300.402022 -30.108991 45.466
 28    24.042 53195.09620875 51.99 300.401132 -30.105711 45.466
 28    23.975 53195.09620939 53.47 300.400242 -30.102434 49.278
 28    23.983 53195.09621004 53.06 300.399352 -30.099154 49.278
 28    24.011 53195.09621068 53.20 300.398462 -30.095874 49.278
 28    24.041 53195.09621132 52.21 300.397572 -30.092594 49.278
 28    24.061 53195.09621197 52.50 300.396682 -30.089314 49.278
 28    24.077 53195.09621261 54.07 300.395792 -30.086044 49.278
 28    24.096 53195.09621326 53.86 300.394902 -30.082764 49.278
 28    24.126 53195.09621390 52.39 300.394012 -30.079484 49.278
 29    24.673 53230.09619683 38.69 300.402689 -30.105032 33.501
 29    24.626 53230.09619747 31.24 300.401799 -30.101752 33.501
 29    24.338 53230.09619812 22.74 300.400909 -30.098472 33.501
 29    24.305 53230.09619876 21.28 300.400019 -30.095192 33.501
 29    24.286 53230.09619941 21.36 300.399124 -30.091914 27.546
 29    24.159 53230.09620005 22.93 300.398244 -30.088634 27.546
 29    24.061 53230.09620069 25.31 300.397354 -30.085354 27.546
 29    24.310 53230.09620134 24.00 300.396464 -30.082074 27.546
 29    24.694 53230.09620198 26.26 300.395574 -30.078794 27.546
 29    24.777 53230.09620263 32.71 300.394684 -30.075524 27.546
 30    23.240 53265.09616560 52.10 300.395687 -30.117411 42.263
 30    23.331 53265.09616624 48.51 300.394797 -30.114131 42.263
 30    23.229 53265.09616689 40.28 300.393907 -30.110851 42.263
 30    23.283 53265.09616753 40.45 300.393017 -30.107581 42.263
 30    23.397 53265.09616818 40.02 300.392127 -30.104301 42.263
 30    23.327 53265.09616882 39.04 300.391237 -30.101021 42.263
 30    23.411 53265.09616946 41.20 300.390347 -30.097741 42.263
 30    23.434 53265.09617011 47.86 300.389457 -30.094461 42.263
 30    23.417 53265.09617075 51.37 300.388570 -30.091181 44.293
 30    23.445 53265.09617140 52.68 300.387680 -30.087901 44.293
 30    23.353 53265.09617204 50.18 300.386790 -30.084621 44.293
 31    23.537 53300.09621273 49.26 300.394476 -30.119983 34.546
 31    23.551 53300.09621337 48.01 300.393586 -30.116703 34.546
 31    23.450 53300.09621402 33.42 300.392696 -30.113423 34.546
 31    23.159 53300.09621466 28.04 300.391806 -30.110143 34.546
 31    23.098 53300.09621531 24.63 300.390926 -30.106863 34.546
 31    23.197 53300.09621595 21.43 300.390036 -30.103583 34.546
 31    23.553 53300.09621660 22.79 300.389142 -30.100305 28.486
 31    23.618 53300.09621724 29.93 300.388252 -30.097025 28.486
 31    23.671 53300.09621789 31.77 300.387362 -30.093745 28.486
 31    23.672 53300.09621853 28.10 300.386472 -30.090465 28.486
 31    24.150 53300.09621918 27.61 300.385582 -30.087185 28.486
 32    25.805 53335.09618373 49.23 300.400006 -30.113688 47.919
 32    25.780 53335.09618438 51.10 300.399116 -30.110408 47.919
 32    25.796 53335.09618502 51.04 300.398226 -30.107128 47.919
 32    25.812 53335.09618566 50.31 300.397336 -30.103848 47.919
 32    25.791 53335.09618631 48.75 300.396446 -30.100568 47.919
 32    25.784 53335.09618695 48.84 300.395559 -30.097290 48.520
 32    25.680 53335.09618760 46.99 300.394669 -30.094010 48.520
 32    25.664 53335.09618824 44.47 300.393779 -30.090730 48.520
 32    25.671 53335.09618889 43.84 300.392889 -30.087450 48.520
 32    25.680 53335.09618953 41.69 300.391999 -30.084170 48.520
 32    25.718 53335.09619018 39.22 300.391109 -30.080900 48.520
 33    24.911 53370.09612262 34.14 300.399605 -30.115650 32.347
 33    24.800 53370.09612327 31.19 300.398715 -30.112370 32.347
 33    24.713 53370.09612391 30.69 300.397825 -30.109100 32.347
 33    24.607 53370.09612456 29.68 300.396935 -30.105820 32.347
 33    24.673 53370.09612520 29.70 300.396045 -30.102540 32.347
 33    24.868 53370.09612585 29.53 300.395155 -30.099260 32.347
 33    24.880 53370.09612649 29.57 300.394265 -30.095980 32.347
 33    24.821 53370.09612713 29.00 300.393377 -30.092699 36.631
 33    24.909 53370.09612778 29.67 300.392487 -30.089419 36.631
 33    24.949 53370.09612842 31.18 300.391597 -30.086139 36.631
 33    24.980 53370.09612907 32.80 300.390717 -30.082859 36.631
 35    24.124 53440.09614314 49.33 300.398498 -30.115144 45.712
 35    24.126 53440.09614379 51.45 300.397608 -30.111874 45.712
 35    24.130 53440.09614443 52.71 300.396718 -30.108594 45.712
 35    24.158 53440.09614508 51.53 300.395828 -30.105314 45.712
 35    24.175 53440.09614572 51.32 300.394938 -30.102034 45.712
 35    24.165 53440.09614637 51.26 300.394048 -30.098754 45.712
 35    24.161 53440.09614701 52.17 300.393157 -30.095475 44.473
 35    24.114 53440.09614766 51.01 300.392277 -30.092195 44.473
 35    24.132 53440.09614830 52.52 300.391387 -30.088915 44.473
 35    24.156 53440.09614895 54.01 300.390497 -30.085635 44.473
 35    24.165 53440.09614959 50.45 300.389607 -30.082355 44.473
 36    24.186 53475.09620607 24.74 300.397924 -30.115021 42.149
 36    24.076 53475.09620671 23.92 300.397044 -30.111741 42.149
 36    23.845 53475.09620736 22.12 300.396154 -30.108461 42.149
 36    23.817 53475.09620800 23.30 300.395264 -30.105181 42.149
 36    23.606 53475.09620865 19.79 300.394370 -30.101905 30.324
 36    23.270 53475.09620929 19.25 300.393480 -30.098625 30.324
 36    23.896 53475.09620993 18.59 300.392590 -30.095345 30.324
 36    24.190 53475.09621058 20.39 300.391700 -30.092065 30.324
 36    24.422 53475.09621122 23.32 300.390810 -30.088785 30.324
 36    24.646 53475.09621187 27.50 300.389920 -30.085515 30.324
 36    24.649 53475.09621251 30.32 300.389030 -30.082235 30.324
 37    24.012 53510.09622361 25.25 300.399710 -30.110660 32.156
 37    24.032 53510.09622425 21.85 300.398820 -30.107380 32.156
 37    24.004 53510.09622490 19.48 300.397930 -30.104100 32.156
 37    23.773 53510.09622554 18.05 300.397040 -30.100820 32.156
 37    23.698 53510.09622619 16.78 300.396150 -30.097540 32.156
 37    23.572 53510.09622683 17.35 300.395262 -30.094264 33.042
 37    23.973 53510.09622748 17.14 300.394372 -30.090984 33.042
 37    24.237 53510.09622812 17.68 300.393482 -30.087704 33.042
 37    24.384 53510.09622877 22.02 300.392592 -30.084424 33.042
 37    24.512 53510.09622941 25.87 300.391702 -30.081144 33.042
 38    24.891 53545.09623876 44.19 300.396737 -30.119527 43.770
 38    24.924 53545.09623941 47.35 300.395847 -30.116247 43.770
 38    24.643 53545.09624005 32.52 300.394957 -30.112967 43.770
 38    24.688 53545.09624069 26.73 300.394067 -30.109687 43.770
 38    24.473 53545.09624134 24.71 300.393177 -30.106407 43.770
 38    24.220 53545.09624198 21.24 300.392287 -30.103127 43.770
 38    24.177 53545.09624263 21.52 300.391400 -30.099849 36.099
 38    24.401 53545.09624327 22.37 300.390510 -30.096569 36.099
 38    24.865 53545.09624392 24.71 300.389620 -30.093289 36.099
 38    24.790 53545.09624456 28.61 300.388730 -30.090009 36.099
 38    24.844 53545.09624521 33.88 300.387840 -30.086729 36.099
 40    22.651 53615.09616949 30.88 300.395956 -30.120191 26.634
 40    22.287 53615.09617014 29.77 300.395066 -30.116911 26.634
 40    22.062 53615.09617078 27.64 300.394176 -30.113641 26.634
 40    22.402 53615.09617143 23.72 300.393286 -30.110361 26.634
 40    22.706 53615.09617207 22.85 300.392396 -30.107081 26.634
 40    22.887 53615.09617272 20.40 300.391506 -30.103801 26.634
 40    22.966 53615.09617336 18.97 300.390616 -30.100521 26.634
 40    23.131 53615.09617401 18.08 300.389726 -30.097241 26.634
 40    23.660 53615.09617465 18.34 300.388838 -30.093962 29.859
 40    24.206 53615.09617529 17.91 300.387948 -30.090682 29.859
 40    24.375 53615.09617594 32.03 300.387058 -30.087402 29.859
 41    23.998 53650.09618176 51.87 300.402285 -30.107140 40.594
 41    24.084 53650.09618240 53.44 300.401395 -30.103860 40.594
 41    24.179 53650.09618305 52.45 300.400501 -30.100582 47.963
 41    24.160 53650.09618369 50.52 300.399611 -30.097302 47.963
 41    24.150 53650.09618434 50.26 300.398721 -30.094022 47.963
 41    24.169 53650.09618498 51.60 300.397831 -30.090742 47.963
 41    24.115 53650.09618563 52.36 300.396941 -30.087462 47.963
 41    24.087 53650.09618627 50.51 300.396051 -30.084192 47.963
 41    24.102 53650.09618691 48.82 300.395161 -30.080912 47.963
 41    24.130 53650.09618756 41.01 300.394271 -30.077632 47.963
 42    25.350 53685.09619035 38.74 300.396497 -30.118681 41.121
 42    25.469 53685.09619100 29.68 300.395607 -30.115411 41.121
 42    25.595 53685.09619164 40.50 300.394717 -30.112131 41.121
 42    25.616 53685.09619229 44.98 300.393827 -30.108851 41.121
 42    25.311 53685.09619293 23.28 300.392937 -30.105571 41.121
 42    24.359 53685.09619357 21.94 300.392047 -30.102291 41.121
 42    24.583 53685.09619422 22.05 300.391157 -30.099011 41.121
 42    24.945 53685.09619486 22.73 300.390270 -30.095732 40.018
 42    25.233 53685.09619551 24.40 300.389380 -30.092452 40.018
 42    25.525 53685.09619615 27.81 300.388490 -30.089172 40.018
 42    25.590 53685.09619680 37.00 300.387600 -30.085892 40.018
 43    24.143 53720.09611769 49.37 300.400521 -30.113157 46.210
 43    24.244 53720.09611834 52.46 300.399631 -30.109887 46.210
 43    24.268 53720.09611898 52.69 300.398741 -30.106607 46.210
 43    24.189 53720.09611963 53.19 300.397851 -30.103327 46.210
 43    24.168 53720.09612027 52.15 300.396961 -30.100047 46.210
 43    24.188 53720.09612092 52.66 300.396071 -30.096767 46.210
 43    24.217 53720.09612156 51.62 300.395181 -30.093487 40.807
 43    24.251 53720.09612221 51.64 300.394291 -30.090207 40.807
 43    24.291 53720.09612285 52.72 300.393401 -30.086927 40.807
 43    24.332 53720.09612349 52.86 300.392521 -30.083647 40.807
 43    24.377 53720.09612414 50.24 300.391631 -30.080367 40.807
 44    24.606 53755.09604605 44.57 300.404930 -30.090501 42.558
 44    24.370 53755.09604669 40.67 300.404040 -30.087221 42.558
 44    24.407 53755.09604734 47.02 300.403150 -30.083941 42.558
 44    24.419 53755.09604798 45.57 300.402260 -30.080661 42.558
 44    24.433 53755.09604863 37.54 300.401370 -30.077381 42.558
 44    24.379 53755.09604927 32.11 300.400480 -30.074111 42.558
 44    24.383 53755.09604992 28.66 300.399590 -30.070831 42.558
 45    23.859 53790.09607289 19.38 300.402128 -30.106297 31.885
 45    23.646 53790.09607353 16.91 300.401238 -30.103017 31.885
 45    23.479 53790.09607417 16.29 300.400348 -30.099737 31.885
 45    23.384 53790.09607482 15.83 300.399461 -30.096459 26.722
 45    23.209 53790.09607546 16.03 300.398571 -30.093179 26.722
 45    23.278 53790.09607611 16.42 300.397681 -30.089899 26.722
 45    23.665 53790.09607675 17.85 300.396791 -30.086619 26.722
 45    23.937 53790.09607740 19.09 300.395901 -30.083339 26.722
 45    24.106 53790.09607804 23.61 300.395011 -30.080069 26.722
 45    24.549 53790.09607869 28.87 300.394121 -30.076789 26.722
 46    25.183 53825.09603138 36.37 300.404930 -30.093813 27.313
 46    25.163 53825.09603202 34.18 300.404050 -30.090533 27.313
 46    25.101 53825.09603266 29.37 300.403160 -30.087253 27.313
 46    25.098 53825.09603331 28.35 300.402270 -30.083973 27.313
 46    24.849 53825.09603395 27.41 300.401380 -30.080693 27.313
 46    24.822 53825.09603460 28.85 300.400490 -30.077413 27.313
 46    24.989 53825.09603524 28.03 300.399600 -30.074133 27.313
 46    24.973 53825.09603589 29.90 300.398710 -30.070863 27.313
 47    24.577 53860.09612130 49.82 300.398870 -30.114903 47.618
 47    24.591 53860.09612195 45.70 300.397980 -30.111623 47.618
 47    24.478 53860.09612259 43.36 300.397090 -30.108343 47.618
 47    24.595 53860.09612323 44.85 300.396200 -30.105063 47.618
 47    24.619 53860.09612388 51.01 300.395310 -30.101793 47.618
 47    24.540 53860.09612452 46.87 300.394420 -30.098513 47.618
 47    24.546 53860.09612517 47.50 300.393530 -30.095233 47.618
 47    24.534 53860.09612581 47.24 300.392640 -30.091953 47.618
 47    24.540 53860.09612646 48.61 300.391750 -30.088673 47.618
 47    24.555 53860.09612710 50.27 300.390861 -30.085395 44.719
 47    24.579 53860.09612775 51.11 300.389971 -30.082115 44.719
 48    24.382 53895.09614095 27.37 300.401667 -30.105025 41.327
 48    24.105 53895.09614160 21.85 300.400774 -30.101749 26.785
 48    24.037 53895.09614224 19.41 300.399884 -30.098469 26.785
 48    24.096 53895.09614289 17.99 300.398994 -30.095189 26.785
 48    24.464 53895.09614353 19.57 300.398104 -30.091909 26.785
 48    24.543 53895.09614418 28.73 300.397214 -30.088629 26.785
 48    24.503 53895.09614482 27.36 300.396324 -30.085349 26.785
 48    24.351 53895.09614547 26.68 300.395434 -30.082079 26.785
 48    24.906 53895.09614611 28.88 300.394544 -30.078799 26.785
 49    22.886 53930.09619204 29.30 300.392548 -30.122214 23.388
 49    23.270 53930.09619269 26.45 300.391658 -30.118934 23.388
 49    24.055 53930.09619333 26.10 300.390768 -30.115654 23.388
 49    24.293 53930.09619398 26.51 300.389878 -30.112374 23.388
 49    23.184 53930.09619462 25.01 300.388988 -30.109094 23.388
 49    23.312 53930.09619527 23.15 300.388098 -30.105824 23.388
 49    23.403 53930.09619591 21.46 300.387208 -30.102544 23.388
 49    23.402 53930.09619656 20.25 300.386318 -30.099264 23.388
 49    23.737 53930.09619720 21.10 300.385428 -30.095984 23.388
 49    24.134 53930.09619785 26.04 300.384538 -30.092704 23.388
 49    24.248 53930.09619849 31.41 300.383648 -30.089424 23.388
 50    22.796 53965.09617051 28.89 300.394496 -30.121264 20.565
 50    23.280 53965.09617115 26.32 300.393606 -30.117984 20.565
 50    23.347 53965.09617180 26.36 300.392716 -30.114704 20.565
 50    23.611 53965.09617244 24.68 300.391836 -30.111424 20.565
 50    23.057 53965.09617309 23.08 300.390946 -30.108144 20.565
 50    23.250 53965.09617373 20.30 300.390056 -30.104864 20.565
 50    23.380 53965.09617438 20.23 300.389166 -30.101584 20.565
 50    23.167 53965.09617502 19.97 300.388276 -30.098314 20.565
 50    23.526 53965.09617567 17.84 300.387386 -30.095034 20.565
 50    23.997 53965.09617631 17.41 300.386496 -30.091754 20.565
 50    24.255 53965.09617696 19.76 300.385606 -30.088474 20.565
 51    23.396 54000.09613022 17.11 300.404704 -30.100024 35.432
 51    23.583 54000.09613086 16.30 300.403814 -30.096744 35.432
 51    23.524 54000.09613151 15.39 300.402924 -30.093464 35.432
 51    23.469 54000.09613215 16.31 300.402034 -30.090184 35.432
 51    23.315 54000.09613280 18.83 300.401145 -30.086909 31.478
 51    23.767 54000.09613344 18.75 300.400255 -30.083629 31.478
 51    23.688 54000.09613409 21.76 300.399365 -30.080349 31.478
 51    23.763 54000.09613473 23.08 300.398475 -30.077069 31.478
 51    24.019 54000.09613538 26.30 300.397585 -30.073789 31.478
 52    24.429 54035.09617312 33.33 300.402636 -30.106505 26.504
 52    24.430 54035.09617376 32.33 300.401746 -30.103235 26.504
 52    24.355 54035.09617441 24.15 300.400856 -30.099955 26.504
 52    24.309 54035.09617505 20.57 300.399966 -30.096675 26.504
 52    24.191 54035.09617570 20.39 300.399076 -30.093395 26.504
 52    24.268 54035.09617634 21.29 300.398186 -30.090115 26.504
 52    24.443 54035.09617699 22.99 300.397296 -30.086835 26.504
 52    24.448 54035.09617763 24.44 300.396407 -30.083555 29.874
 52    24.432 54035.09617827 23.73 300.395517 -30.080275 29.874
 52    24.575 54035.09617892 36.96 300.394627 -30.076995 29.874
 53    24.715 54070.09616625 43.01 300.400844 -30.109455 29.649
 53    24.640 54070.09616689 35.88 300.399954 -30.106175 29.649
 53    24.424 54070.09616753 27.80 300.399064 -30.102895 29.649
 53    24.335 54070.09616818 22.64 300.398174 -30.099625 29.649
 53    24.681 54070.09616882 26.55 300.397284 -30.096345 29.649
 53    24.718 54070.09616947 32.66 300.396394 -30.093065 29.649
 53    24.804 54070.09617011 32.35 300.395504 -30.089785 29.649
 53    24.603 54070.09617076 27.36 300.394614 -30.086505 29.649
 53    24.490 54070.09617140 27.13 300.393720 -30.083225 36.874
 53    24.640 54070.09617205 29.84 300.392840 -30.079945 36.874
 54    24.943 54105.09611925 31.50 300.397256 -30.117080 25.443
 54    25.008 54105.09611990 28.34 300.396376 -30.113800 25.443
 54    25.179 54105.09612054 30.40 300.395476 -30.110520 25.443
 54    24.842 54105.09612119 23.22 300.394596 -30.107240 25.443
 54    24.377 54105.09612183 22.07 300.393706 -30.103960 25.443
 54    23.827 54105.09612248 21.39 300.392816 -30.100680 25.443
 54    24.068 54105.09612312 21.46 300.391926 -30.097400 25.443
 54    24.662 54105.09612377 20.97 300.391036 -30.094130 25.443
 54    24.871 54105.09612441 21.53 300.390146 -30.090850 25.443
 54    25.014 54105.09612505 24.56 300.389256 -30.087570 25.443
 54    24.972 54105.09612570 28.78 300.388366 -30.084290 25.443
 55    25.954 54140.09609846 35.98 300.400811 -30.109490 25.557
 55    25.883 54140.09609911 30.86 300.399921 -30.106210 25.557
 55    25.813 54140.09609975 28.64 300.399031 -30.102940 25.557
 55    25.697 54140.09610039 26.58 300.398141 -30.099660 25.557
 55    25.553 54140.09610104 26.19 300.397251 -30.096380 25.557
 55    25.485 54140.09610168 26.35 300.396361 -30.093100 25.557
 55    25.466 54140.09610233 28.43 300.395471 -30.089820 25.557
 55    25.617 54140.09610297 28.86 300.394581 -30.086542 39.252
 55    25.913 54140.09610362 29.44 300.393691 -30.083262 39.252
 55    26.190 54140.09610426 32.53 300.392801 -30.079982 39.252
 56    26.249 54175.09609974 32.86 300.398374 -30.115117 28.894
 56    26.345 54175.09610039 32.24 300.397484 -30.111837 28.894
 56    26.407 54175.09610103 28.83 300.396594 -30.108557 28.894
 56    26.110 54175.09610167 27.58 300.395704 -30.105277 28.894
 56    25.756 54175.09610232 25.63 300.394814 -30.101997 28.894
 56    25.295 54175.09610296 25.86 300.393924 -30.098717 28.894
 56    25.447 54175.09610361 25.63 300.393031 -30.095437 35.678
 56    25.843 54175.09610425 26.65 300.392151 -30.092157 35.678
 56    26.053 54175.09610490 27.53 300.391261 -30.088877 35.678
 56    26.302 54175.09610554 29.45 300.390371 -30.085597 35.678
 56    26.468 54175.09610619 33.93 300.389481 -30.082317 35.678
 57    25.180 54210.09610380 44.91 300.400643 -30.112595 34.554
 57    25.268 54210.09610444 43.99 300.399753 -30.109315 34.554
 57    25.319 54210.09610509 48.01 300.398873 -30.106035 34.554
 57    25.341 54210.09610573 48.93 300.397983 -30.102755 34.554
 57    25.356 54210.09610638 49.74 300.397090 -30.099479 48.180
 57    25.357 54210.09610702 48.92 300.396200 -30.096199 48.180
 57    25.339 54210.09610767 49.03 300.395310 -30.092919 48.180
 57    25.292 54210.09610831 47.78 300.394420 -30.089639 48.180
 57    25.261 54210.09610895 46.03 300.393530 -30.086359 48.180
 57    25.223 54210.09610960 40.39 300.392640 -30.083089 48.180
 57    25.231 54210.09611024 37.33 300.391750 -30.079809 48.180
 58    25.466 54245.09613505 50.69 300.400491 -30.112272 44.126
 58    25.397 54245.09613569 53.42 300.399601 -30.108992 44.126
 58    25.414 54245.09613634 51.76 300.398711 -30.105712 44.126
 58    25.424 54245.09613698 53.07 300.397821 -30.102432 44.126
 58    25.435 54245.09613763 52.03 300.396931 -30.099156 52.059
 58    25.450 54245.09613827 52.75 300.396041 -30.095876 52.059
 58    25.470 54245.09613892 53.26 300.395151 -30.092596 52.059
 58    25.471 54245.09613956 53.19 300.394261 -30.089316 52.059
 58    25.506 54245.09614020 53.37 300.393371 -30.086036 52.059
 58    25.526 54245.09614085 51.41 300.392481 -30.082766 52.059
 58    25.543 54245.09614149 49.62 300.391591 -30.079486 52.059
 59    24.324 54280.09614676 30.32 300.400469 -30.112360 27.788
 59    24.123 54280.09614740 27.03 300.399579 -30.109080 27.788
 59    24.143 54280.09614805 24.07 300.398689 -30.105800 27.788
 59    24.230 54280.09614869 20.92 300.397799 -30.102520 27.788
 59    23.937 54280.09614934 20.52 300.396909 -30.099241 27.470
 59    23.630 54280.09614998 20.75 300.396019 -30.095961 27.470
 59    23.946 54280.09615063 20.97 300.395129 -30.092681 27.470
 59    24.303 54280.09615127 21.57 300.394239 -30.089401 27.470
 59    24.507 54280.09615192 24.28 300.393349 -30.086121 27.470
 59    24.595 54280.09615256 30.85 300.392459 -30.082851 27.470
 59    25.035 54280.09615320 36.25 300.391569 -30.079571 27.470
 60    24.094 54315.09614619 22.95 300.400485 -30.109386 25.768
 60    24.166 54315.09614683 19.57 300.399595 -30.106106 25.768
 60    24.099 54315.09614748 18.21 300.398705 -30.102826 25.768
 60    23.718 54315.09614812 17.96 300.397815 -30.099546 25.768
 60    23.304 54315.09614877 18.39 300.396929 -30.096268 29.622
 60    23.618 54315.09614941 17.16 300.396039 -30.092988 29.622
 60    24.019 54315.09615005 17.14 300.395149 -30.089708 29.622
 60    24.360 54315.09615070 17.98 300.394259 -30.086428 29.622
 60    24.408 54315.09615134 22.76 300.393369 -30.083148 29.622
 60    24.732 54315.09615199 26.40 300.392479 -30.079878 29.622
 61    23.666 54350.09611357 40.43 300.399262 -30.116337 31.799
 61    23.696 54350.09611422 41.36 300.398372 -30.113057 31.799
 61    23.504 54350.09611486 28.65 300.397482 -30.109787 31.799
 61    23.415 54350.09611551 23.29 300.396592 -30.106507 31.799
 61    23.232 54350.09611615 22.24 300.395702 -30.103227 31.799
 61    23.316 54350.09611680 21.65 300.394812 -30.099947 31.799
 61    23.575 54350.09611744 21.84 300.393922 -30.096667 31.799
 61    23.701 54350.09611809 30.97 300.393031 -30.093389 38.082
 61    23.720 54350.09611873 29.84 300.392141 -30.090109 38.082
 61    23.705 54350.09611937 28.89 300.391261 -30.086829 38.082
 61    23.865 54350.09612002 34.76 300.390371 -30.083549 38.082
 61    23.733 54350.09612066 47.74 300.389481 -30.080269 38.082
 62    24.150 54385.09608484 25.35 300.401568 -30.108564 18.510
 62    24.123 54385.09608548 22.93 300.400688 -30.105284 18.510
 62    23.852 54385.09608612 22.33 300.399798 -30.102004 18.510
 62    23.473 54385.09608677 21.78 300.398908 -30.098734 18.510
 62    23.259 54385.09608741 21.61 300.398018 -30.095454 18.510
 62    23.106 54385.09608806 22.06 300.397128 -30.092174 18.510
 62    23.377 54385.09608870 22.96 300.396238 -30.088894 18.510
 62    23.660 54385.09608935 23.84 300.395348 -30.085614 18.510
 62    24.025 54385.09608999 27.78 300.394460 -30.082335 31.867
 62    24.551 54385.09609064 30.26 300.393570 -30.079055 31.867
 63    24.051 54420.09606341 52.36 300.398595 -30.114811 39.420
 63    23.988 54420.09606405 46.25 300.397705 -30.111531 39.420
 63    23.853 54420.09606470 39.31 300.396815 -30.108251 39.420
 63    23.839 54420.09606534 31.05 300.395925 -30.104971 39.420
 63    23.781 54420.09606599 27.49 300.395035 -30.101691 39.420
 63    24.024 54420.09606663 31.80 300.394145 -30.098421 39.420
 63    24.152 54420.09606728 39.19 300.393255 -30.095141 39.420
 63    24.149 54420.09606792 40.80 300.392365 -30.091861 39.420
 63    24.137 54420.09606857 37.38 300.391475 -30.088581 39.420
 63    24.077 54420.09606921 30.91 300.390585 -30.085301 39.420
 63    24.232 54420.09606986 41.95 300.389695 -30.082021 39.420
 64    24.345 54455.09605685 50.15 300.402718 -30.106453 52.630
 64    24.354 54455.09605749 53.18 300.401818 -30.103183 52.630
 64    24.276 54455.09605814 52.55 300.400938 -30.099903 52.630
 64    24.264 54455.09605878 52.82 300.400038 -30.096623 52.630
 64    24.257 54455.09605942 53.45 300.399158 -30.093343 52.630
 64    24.253 54455.09606007 51.66 300.398268 -30.090063 52.630
 64    24.258 54455.09606071 53.12 300.397378 -30.086783 52.630
 64    24.288 54455.09606136 52.57 300.396484 -30.083505 49.425
 64    24.314 54455.09606200 53.11 300.395594 -30.080225 49.425
 64    24.337 54455.09606265 52.22 300.394704 -30.076945 49.425
 65    24.078 54490.09606404 35.80 300.400472 -30.112761 33.219
 65    23.914 54490.09606469 32.72 300.399582 -30.109481 33.219
 65    23.828 54490.09606533 30.80 300.398692 -30.106201 33.219
 65    23.770 54490.09606598 27.22 300.397802 -30.102921 33.219
 65    23.932 54490.09606662 24.45 300.396912 -30.099641 33.219
 65    24.113 54490.09606727 22.37 300.396026 -30.096362 28.909
 65    24.145 54490.09606791 22.69 300.395136 -30.093082 28.909
 65    24.067 54490.09606856 23.01 300.394246 -30.089802 28.909
 65    23.914 54490.09606920 25.86 300.393356 -30.086522 28.909
 65    24.042 54490.09606985 29.86 300.392466 -30.083242 28.909
 65    24.362 54490.09607049 31.81 300.391576 -30.079972 28.909
 66    24.336 54525.09606994 29.69 300.401562 -30.104938 30.283
 66    24.236 54525.09607059 23.28 300.400672 -30.101658 30.283
 66    24.249 54525.09607123 22.27 300.399782 -30.098378 30.283
 66    24.332 54525.09607188 24.06 300.398892 -30.095098 30.283
 66    24.408 54525.09607252 27.34 300.398002 -30.091818 30.283
 66    24.482 54525.09607317 30.30 300.397112 -30.088538 30.283
 66    24.481 54525.09607381 29.12 300.396222 -30.085268 30.283
 66    24.294 54525.09607446 29.62 300.395332 -30.081988 30.283
 66    24.461 54525.09607510 32.67 300.394442 -30.078708 30.283
 67    24.655 54560.09607262 49.98 300.398692 -30.114546 48.029
 67    24.716 54560.09607326 48.64 300.397802 -30.111266 48.029
 67    24.690 54560.09607390 45.77 300.396912 -30.107986 48.029
 67    24.628 54560.09607455 43.59 300.396022 -30.104706 48.029
 67    24.620 54560.09607519 45.34 300.395138 -30.101428 44.828
 67    24.617 54560.09607584 45.42 300.394248 -30.098148 44.828
 67    24.651 54560.09607648 49.32 300.393358 -30.094868 44.828
 67    24.636 54560.09607713 50.36 300.392468 -30.091588 44.828
 67    24.650 54560.09607777 50.54 300.391578 -30.088308 44.828
 67    24.679 54560.09607842 51.48 300.390688 -30.085038 44.828
 67    24.706 54560.09607906 51.54 300.389798 -30.081758 44.828
 68    24.916 54595.09606497 32.21 300.400170 -30.113263 38.809
 68    24.841 54595.09606562 29.00 300.399280 -30.109983 38.809
 68    24.812 54595.09606626 27.49 300.398389 -30.106707 27.382
 68    24.685 54595.09606691 23.57 300.397499 -30.103427 27.382
 68    24.523 54595.09606755 21.67 300.396609 -30.100147 27.382
 68    24.318 54595.09606820 21.78 300.395719 -30.096867 27.382
 68    24.631 54595.09606884 22.09 300.394829 -30.093587 27.382
 68    24.685 54595.09606948 23.43 300.393939 -30.090307 27.382
 68    24.834 54595.09607013 25.56 300.393049 -30.087037 27.382
 68    25.040 54595.09607077 28.34 300.392159 -30.083757 27.382
 68    25.209 54595.09607142 35.73 300.391269 -30.080477 27.382
 69    24.218 54630.09607910 44.04 300.399411 -30.112826 43.403
 69    24.171 54630.09607975 42.98 300.398521 -30.109546 43.403
 69    24.199 54630.09608039 42.10 300.397630 -30.106268 27.842
 69    24.217 54630.09608104 40.19 300.396740 -30.102988 27.842
 69    24.191 54630.09608168 39.75 300.395850 -30.099708 27.842
 69    23.998 54630.09608233 37.39 300.394960 -30.096428 27.842
 69    23.930 54630.09608297 35.35 300.394070 -30.093148 27.842
 69    24.001 54630.09608362 33.61 300.393180 -30.089868 27.842
 69    24.101 54630.09608426 33.18 300.392290 -30.086598 27.842
 69    24.184 54630.09608490 33.10 300.391400 -30.083318 27.842
 69    24.569 54630.09608555 35.36 300.390510 -30.080038 27.842
 70    24.028 54665.09608524 21.49 300.398995 -30.113913 32.981
 70    24.113 54665.09608589 17.22 300.398105 -30.110633 32.981
 70    23.827 54665.09608653 17.16 300.397215 -30.107353 32.981
 70    23.682 54665.09608718 17.27 300.396324 -30.104076 27.116
 70    23.504 54665.09608782 15.65 300.395434 -30.100796 27.116
 70    23.312 54665.09608847 16.14 300.394544 -30.097516 27.116
 70    23.501 54665.09608911 15.25 300.393654 -30.094236 27.116
 70    23.895 54665.09608975 15.65 300.392764 -30.090956 27.116
 70    24.339 54665.09609040 15.96 300.391874 -30.087686 27.116
 70    24.494 54665.09609104 21.18 300.390984 -30.084406 27.116
 70    24.624 54665.09609169 23.14 300.390094 -30.081126 27.116
 71    24.419 54700.09605595 28.78 300.399600 -30.113802 37.216
 71    24.299 54700.09605659 26.73 300.398710 -30.110522 37.216
 71    24.480 54700.09605723 24.55 300.397820 -30.107242 37.216
 71    24.373 54700.09605788 21.68 300.396930 -30.103962 37.216
 71    24.174 54700.09605852 19.36 300.396038 -30.100684 29.401
 71    23.654 54700.09605917 19.61 300.395158 -30.097404 29.401
 71    24.002 54700.09605981 20.09 300.394268 -30.094124 29.401
 71    24.128 54700.09606046 20.71 300.393378 -30.090844 29.401
 71    24.385 54700.09606110 22.04 300.392488 -30.087564 29.401
 71    24.642 54700.09606175 25.13 300.391598 -30.084294 29.401
 71    24.841 54700.09606239 34.83 300.390708 -30.081014 29.401
 72    23.630 54735.09604514 47.41 300.401797 -30.110110 40.761
 72    23.633 54735.09604579 50.82 300.400910 -30.106833 42.640
 72    23.625 54735.09604643 49.24 300.400020 -30.103553 42.640
 72    23.659 54735.09604708 47.51 300.399130 -30.100273 42.640
 72    23.698 54735.09604772 47.75 300.398240 -30.096993 42.640
 72    23.736 54735.09604837 47.64 300.397350 -30.093713 42.640
 72    23.764 54735.09604901 46.03 300.396460 -30.090443 42.640
 72    23.816 54735.09604966 47.89 300.395570 -30.087163 42.640
 72    23.856 54735.09605030 49.41 300.394680 -30.083883 42.640
 72    23.890 54735.09605095 49.50 300.393790 -30.080603 42.640
 72    23.909 54735.09605159 45.35 300.392910 -30.077323 42.640
 73    24.267 54770.09603635 28.96 300.400092 -30.110841 31.228
 73    24.271 54770.09603699 28.37 300.399202 -30.107561 31.228
 73    24.338 54770.09603764 27.26 300.398312 -30.104281 31.228
 73    24.362 54770.09603828 27.54 300.397425 -30.101001 29.425
 73    24.440 54770.09603893 26.58 300.396535 -30.097721 29.425
 73    24.408 54770.09603957 27.37 300.395645 -30.094441 29.425
 73    24.440 54770.09604021 28.40 300.394755 -30.091161 29.425
 73    24.459 54770.09604086 29.85 300.393865 -30.087881 29.425
 73    24.382 54770.09604150 31.49 300.392975 -30.084611 29.425
 73    24.538 54770.09604215 35.74 300.392085 -30.081331 29.425
 74    24.259 54805.09603800 46.69 300.400937 -30.110837 41.221
 74    24.253 54805.09603864 42.35 300.400037 -30.107557 41.221
 74    24.007 54805.09603929 31.43 300.399151 -30.104281 33.650
 74    23.948 54805.09603993 22.73 300.398261 -30.101001 33.650
 74    23.986 54805.09604058 23.32 300.397371 -30.097721 33.650
 74    24.179 54805.09604122 32.81 300.396481 -30.094441 33.650
 74    24.300 54805.09604187 35.67 300.395591 -30.091161 33.650
 74    24.371 54805.09604251 41.78 300.394701 -30.087881 33.650
 74    24.292 54805.09604315 39.81 300.393811 -30.084611 33.650
 74    24.196 54805.09604380 33.95 300.392921 -30.081331 33.650
 75    23.025 54840.09603144 45.52 300.400400 -30.111243 42.381
 75    23.033 54840.09603208 48.46 300.399510 -30.107963 42.381
 75    22.965 54840.09603273 46.18 300.398620 -30.104683 42.381
 75    22.952 54840.09603337 46.27 300.397731 -30.101405 43.885
 75    22.979 54840.09603402 47.03 300.396841 -30.098125 43.885
 75    22.969 54840.09603466 48.02 300.395951 -30.094845 43.885
 75    23.002 54840.09603530 49.58 300.395061 -30.091565 43.885
 75    23.006 54840.09603595 49.72 300.394171 -30.088285 43.885
 75    23.036 54840.09603659 49.71 300.393281 -30.085005 43.885
 75    23.065 54840.09603724 51.07 300.392391 -30.081735 43.885
 76    23.650 54875.09603895 26.50 300.400395 -30.111649 38.081
 76    23.644 54875.09603959 21.38 300.399501 -30.108370 24.171
 76    23.617 54875.09604024 23.00 300.398611 -30.105090 24.171
 76    23.564 54875.09604088 23.28 300.397721 -30.101810 24.171
 76    23.482 54875.09604153 23.56 300.396831 -30.098530 24.171
 76    23.319 54875.09604217 25.96 300.395941 -30.095250 24.171
 76    23.255 54875.09604282 27.15 300.395051 -30.091980 24.171
 76    23.063 54875.09604346 31.51 300.394161 -30.088700 24.171
 76    23.549 54875.09604411 32.62 300.393271 -30.085420 24.171
 76    23.712 54875.09604475 33.43 300.392381 -30.082140 24.171
 76    23.930 54875.09604540 37.12 300.391491 -30.078860 24.171
 77    23.644 54910.09603573 22.40 300.397409 -30.116718 33.782
 77    24.000 54910.09603637 18.85 300.396519 -30.113438 33.782
 77    23.759 54910.09603701 16.83 300.395629 -30.110158 33.782
 77    23.524 54910.09603766 16.98 300.394739 -30.106878 33.782
 77    23.552 54910.09603830 16.02 300.393849 -30.103598 33.782
 77    23.549 54910.09603895 16.18 300.392966 -30.100320 25.238
 77    23.444 54910.09603959 16.02 300.392076 -30.097040 25.238
 77    23.538 54910.09604024 16.30 300.391186 -30.093760 25.238
 77    23.582 54910.09604088 16.80 300.390296 -30.090480 25.238
 77    23.662 54910.09604153 17.45 300.389406 -30.087200 25.238
 77    24.326 54910.09604217 19.82 300.388516 -30.083920 25.238
 78    23.441 54945.09603129 43.76 300.400587 -30.113027 51.618
 78    23.381 54945.09603194 41.61 300.399687 -30.109747 51.618
 78    23.332 54945.09603258 34.40 300.398802 -30.106472 36.969
 78    23.397 54945.09603323 30.84 300.397912 -30.103192 36.969
 78    23.524 54945.09603387 30.17 300.397022 -30.099912 36.969
 78    23.530 54945.09603451 34.22 300.396132 -30.096632 36.969
 78    23.533 54945.09603516 39.74 300.395242 -30.093352 36.969
 78    23.617 54945.09603580 41.46 300.394352 -30.090072 36.969
 78    23.653 54945.09603645 40.64 300.393462 -30.086802 36.969
 78    23.643 54945.09603709 37.60 300.392572 -30.083522 36.969
 78    23.680 54945.09603774 35.97 300.391682 -30.080242 36.969
 79    22.424 54980.09605813 19.78 300.399305 -30.114496 35.409
 79    22.608 54980.09605878 18.57 300.398415 -30.111216 35.409
 79    22.811 54980.09605942 17.70 300.397524 -30.107938 22.292
 79    22.893 54980.09606007 17.49 300.396634 -30.104658 22.292
 79    22.775 54980.09606071 17.62 300.395744 -30.101378 22.292
 79    22.821 54980.09606136 17.30 300.394854 -30.098098 22.292
 79    22.767 54980.09606200 17.71 300.393964 -30.094818 22.292
 79    22.731 54980.09606264 18.79 300.393074 -30.091548 22.292
 79    22.732 54980.09606329 19.85 300.392184 -30.088268 22.292
 79    23.042 54980.09606393 24.11 300.391294 -30.084988 22.292
 79    23.271 54980.09606458 35.19 300.390404 -30.081708 22.292
 80    23.654 55015.09606109 49.04 300.399838 -30.112247 48.605
 80    23.575 55015.09606173 39.51 300.398948 -30.108967 48.605
 80    23.567 55015.09606238 34.25 300.398058 -30.105687 48.605
 80    23.675 55015.09606302 33.28 300.397169 -30.102409 41.785
 80    23.756 55015.09606367 37.83 300.396279 -30.099129 41.785
 80    23.833 55015.09606431 47.94 300.395389 -30.095849 41.785
 80    23.860 55015.09606496 49.56 300.394499 -30.092569 41.785
 80    23.866 55015.09606560 51.35 300.393609 -30.089289 41.785
 80    23.910 55015.09606625 51.99 300.392719 -30.086019 41.785
 80    23.884 55015.09606689 53.13 300.391829 -30.082739 41.785
 80    23.850 55015.09606754 48.91 300.390939 -30.079459 41.785
 81    24.691 55050.09605553 43.85 300.400267 -30.109645 39.981
 81    24.739 55050.09605617 42.15 300.399377 -30.106365 39.981
 81    24.737 55050.09605682 42.86 300.398488 -30.103089 37.667
 81    24.735 55050.09605746 40.66 300.397598 -30.099809 37.667
 81    24.719 55050.09605811 40.53 300.396708 -30.096529 37.667
 81    24.756 55050.09605875 39.42 300.395818 -30.093249 37.667
 81    24.765 55050.09605940 41.74 300.394928 -30.089969 37.667
 81    24.786 55050.09606004 41.42 300.394038 -30.086699 37.667
 81    24.805 55050.09606069 43.33 300.393148 -30.083419 37.667
 81    24.812 55050.09606133 41.74 300.392258 -30.080139 37.667
 82    24.150 55085.09602124 34.32 300.398355 -30.118490 40.459
 82    24.011 55085.09602188 22.14 300.397465 -30.115210 40.459
 82    24.315 55085.09602253 22.67 300.396575 -30.111930 40.459
 82    24.242 55085.09602317 18.40 300.395685 -30.108650 40.459
 82    23.846 55085.09602382 17.80 300.394795 -30.105370 40.459
 82    23.710 55085.09602446 17.58 300.393905 -30.102090 40.459
 82    23.574 55085.09602511 18.39 300.393015 -30.098810 36.021
 82    23.599 55085.09602575 18.82 300.392135 -30.095530 36.021
 82    23.779 55085.09602640 19.55 300.391245 -30.092250 36.021
 82    24.029 55085.09602704 21.58 300.390355 -30.088970 36.021
 82    24.328 55085.09602769 24.72 300.389465 -30.085690 36.021
 82    24.576 55085.09602833 34.24 300.388575 -30.082420 36.021
 83    24.795 55120.09598908 29.58 300.401793 -30.105163 23.295
 83    24.732 55120.09598973 25.97 300.400903 -30.101883 23.295
 83    24.622 55120.09599037 23.63 300.400013 -30.098603 23.295
 83    24.385 55120.09599102 23.04 300.399123 -30.095323 23.295
 83    24.225 55120.09599166 23.62 300.398233 -30.092053 23.295
 83    24.323 55120.09599230 24.27 300.397343 -30.088773 23.295
 83    24.468 55120.09599295 25.64 300.396453 -30.085493 23.295
 83    24.744 55120.09599359 27.07 300.395563 -30.082213 23.295
 83    25.076 55120.09599424 31.65 300.394673 -30.078933 23.295
 84    25.760 55155.09598039 30.94 300.399120 -30.116553 29.977
 84    25.706 55155.09598104 31.38 300.398230 -30.113273 29.977
 84    25.768 55155.09598168 29.25 300.397340 -30.109993 29.977
 84    25.715 55155.09598233 27.66 300.396450 -30.106713 29.977
 84    25.416 55155.09598297 24.89 300.395560 -30.103433 29.977
 84    24.988 55155.09598362 24.18 300.394674 -30.100154 30.760
 84    24.575 55155.09598426 25.51 300.393784 -30.096874 30.760
 84    25.059 55155.09598490 24.88 300.392894 -30.093594 30.760
 84    25.548 55155.09598555 25.05 300.392004 -30.090314 30.760
 84    25.709 55155.09598619 27.29 300.391114 -30.087034 30.760
 84    25.811 55155.09598684 31.14 300.390224 -30.083764 30.760
 84    25.916 55155.09598748 35.88 300.389334 -30.080484 30.760
 85    26.135 55190.09597780 32.80 300.400820 -30.109065 27.266
 85    25.935 55190.09597845 30.45 300.399933 -30.105789 24.790
 85    25.873 55190.09597909 27.65 300.399043 -30.102509 24.790
 85    25.683 55190.09597973 25.32 300.398153 -30.099229 24.790
 85    25.388 55190.09598038 24.92 300.397263 -30.095949 24.790
 85    25.273 55190.09598102 24.92 300.396373 -30.092669 24.790
 85    25.408 55190.09598167 24.80 300.395483 -30.089399 24.790
 85    25.738 55190.09598231 24.87 300.394593 -30.086119 24.790
 85    25.940 55190.09598296 26.81 300.393703 -30.082839 24.790
 85    26.264 55190.09598360 28.65 300.392813 -30.079559 24.790
 86    26.482 55225.09598122 47.91 300.399249 -30.114563 39.433
 86    26.577 55225.09598187 42.40 300.398359 -30.111283 39.433
 86    26.442 55225.09598251 39.30 300.397469 -30.108003 39.433
 86    26.560 55225.09598316 43.18 300.396579 -30.104723 39.433
 86    26.543 55225.09598380 46.27 300.395691 -30.101443 48.286
 86    26.516 55225.09598445 46.47 300.394801 -30.098163 48.286
 86    26.547 55225.09598509 47.68 300.393911 -30.094883 48.286
 86    26.531 55225.09598574 49.42 300.393021 -30.091603 48.286
 86    26.529 55225.09598638 48.11 300.392131 -30.088323 48.286
 86    26.454 55225.09598703 41.32 300.391241 -30.085053 48.286
 86    26.498 55225.09598767 39.35 300.390351 -30.081773 48.286
 87    26.209 55260.09597269 44.89 300.401222 -30.110776 46.067
 87    26.184 55260.09597334 42.75 300.400332 -30.107496 46.067
 87    26.196 55260.09597398 45.30 300.399440 -30.104219 45.272
 87    26.209 55260.09597463 42.12 300.398550 -30.100939 45.272
 87    26.231 55260.09597527 45.44 300.397660 -30.097659 45.272
 87    26.255 55260.09597592 44.05 300.396770 -30.094379 45.272
 87    26.285 55260.09597656 44.03 300.395880 -30.091099 45.272
 87    26.314 55260.09597721 46.07 300.394990 -30.087819 45.272
 87    26.338 55260.09597785 44.02 300.394100 -30.084549 45.272
 87    26.287 55260.09597850 37.31 300.393210 -30.081269 45.272
 87    26.341 55260.09597914 43.87 300.392320 -30.077989 45.272
 88    25.843 55295.09596669 48.78 300.398834 -30.115848 42.535
 88    25.942 55295.09596733 48.94 300.397944 -30.112568 42.535
 88    25.841 55295.09596798 41.14 300.397054 -30.109288 42.535
 88    25.806 55295.09596862 41.27 300.396164 -30.106008 42.535
 88    25.924 55295.09596926 46.70 300.395274 -30.102728 42.535
 88    25.888 55295.09596991 46.94 300.394382 -30.099451 50.634
 88    25.864 55295.09597055 48.44 300.393492 -30.096171 50.634
 88    25.900 55295.09597120 50.00 300.392612 -30.092891 50.634
 88    25.912 55295.09597184 49.93 300.391722 -30.089611 50.634
 88    25.935 55295.09597249 44.20 300.390832 -30.086331 50.634
 88    25.944 55295.09597313 36.52 300.389942 -30.083061 50.634
 89    25.938 55330.09595450 51.19 300.398939 -30.115602 42.472
 89    25.984 55330.09595514 48.24 300.398049 -30.112322 42.472
 89    26.016 55330.09595579 38.97 300.397159 -30.109042 42.472
 89    26.057 55330.09595643 38.51 300.396269 -30.105765 42.359
 89    26.082 55330.09595708 42.76 300.395379 -30.102485 42.359
 89    26.096 55330.09595772 42.84 300.394489 -30.099205 42.359
 89    26.118 55330.09595836 43.99 300.393599 -30.095925 42.359
 89    26.140 55330.09595901 47.97 300.392709 -30.092645 42.359
 89    26.174 55330.09595965 43.67 300.391819 -30.089375 42.359
 89    25.993 55330.09596030 37.01 300.390929 -30.086095 42.359
 89    26.145 55330.09596094 37.46 300.390039 -30.082815 42.359
 90    25.050 55365.09594839 46.09 300.399442 -30.113123 40.726
 90    24.985 55365.09594904 41.60 300.398552 -30.109843 40.726
 90    24.852 55365.09594968 35.49 300.397662 -30.106563 40.726
 90    24.945 55365.09595033 32.66 300.396776 -30.103284 43.751
 90    24.930 55365.09595097 35.65 300.395886 -30.100004 43.751
 90    25.075 55365.09595162 43.62 300.394996 -30.096724 43.751
 90    25.072 55365.09595226 43.80 300.394106 -30.093444 43.751
 90    24.972 55365.09595291 42.54 300.393216 -30.090164 43.751
 90    25.028 55365.09595355 40.73 300.392326 -30.086894 43.751
 90    25.004 55365.09595420 33.64 300.391436 -30.083614 43.751
 90    25.184 55365.09595484 41.34 300.390546 -30.080334 43.751
 91    24.214 55400.09596060 28.29 300.400854 -30.107293 36.831
 91    24.353 55400.09596124 23.50 300.399969 -30.104017 26.381
 91    24.039 55400.09596189 21.17 300.399079 -30.100737 26.381
 91    24.026 55400.09596253 20.76 300.398189 -30.097457 26.381
 91    24.010 55400.09596318 22.78 300.397299 -30.094177 26.381
 91    24.019 55400.09596382 25.36 300.396409 -30.090897 26.381
 91    23.934 55400.09596447 27.90 300.395519 -30.087627 26.381
 91    23.993 55400.09596511 30.61 300.394629 -30.084347 26.381
 91    24.393 55400.09596576 31.44 300.393739 -30.081067 26.381
 91    25.021 55400.09596640 36.79 300.392849 -30.077787 26.381
 92    24.085 55435.09596582 34.53 300.400713 -30.109678 36.211
 92    24.154 55435.09596646 28.86 300.399823 -30.106398 36.211
 92    24.074 55435.09596711 27.66 300.398935 -30.103120 40.836
 92    24.099 55435.09596775 32.74 300.398045 -30.099840 40.836
 92    24.107 55435.09596840 38.05 300.397155 -30.096560 40.836
 92    24.207 55435.09596904 41.92 300.396265 -30.093280 40.836
 92    24.167 55435.09596968 43.82 300.395375 -30.090000 40.836
 92    24.255 55435.09597033 37.84 300.394485 -30.086720 40.836
 92    24.269 55435.09597097 34.20 300.393595 -30.083450 40.836
 92    24.316 55435.09597162 33.59 300.392705 -30.080170 40.836
 93    23.726 55470.09591830 37.66 300.398644 -30.116771 44.801
 93    23.730 55470.09591894 41.63 300.397754 -30.113501 44.801
 93    23.764 55470.09591959 41.47 300.396864 -30.110221 44.801
 93    23.736 55470.09592023 37.18 300.395974 -30.106941 44.801
 93    23.724 55470.09592087 38.59 300.395084 -30.103661 44.801
 93    23.719 55470.09592152 41.03 300.394194 -30.100380 44.742
 93    23.759 55470.09592216 42.28 300.393314 -30.097100 44.742
 93    23.859 55470.09592281 45.77 300.392424 -30.093820 44.742
 93    23.832 55470.09592345 44.47 300.391534 -30.090540 44.742
 93    23.851 55470.09592410 42.00 300.390644 -30.087270 44.742
 93    23.890 55470.09592474 37.24 300.389754 -30.083990 44.742
 93    24.004 55470.09592539 48.29 300.388864 -30.080710 44.742
