#    0.000   0.000   0.000 ;Mean Elev.(m), Avg Gradient(m/km), RMS Gradient(m/km) - SRTM1     
#    0.000   0.000   0.000 ;Mean Elev.(m), Avg Gradient(m/km), RMS Gradient(m/km) - ASTER GDEM
#   47.546  -0.181   2.037 ;Mean Elev.(m), Avg Gradient(m/km), RMS Gradient(m/km) - GMTED2010 
  7 301.323561 -27.357925    28.999    28.877  6 52447.56739424 26.886
  8 301.334039 -27.349314    50.758    52.184 10 52482.56738174 23.777
  9 301.343676 -27.341458    48.213    48.209 11 52517.56733594 19.915
 10 301.326314 -27.356391    51.458    52.276  6 52552.56738861 17.151
 11 301.343523 -27.340133    47.903    47.750 12 52587.56736335 20.904
 12 301.340427 -27.344443    48.372    48.379 11 52622.56732660 36.620
 13 301.341252 -27.341105    47.383    47.503 12 52657.56733632 17.150
 15 301.339784 -27.345270    48.200    48.293 11 52727.56736173 23.819
 16 301.329119 -27.352996    46.629    46.646  8 52762.56737677 31.076
 17 301.342406 -27.341491    47.154    47.378 11 52797.56733958 15.115
 18 301.341814 -27.340917    46.379    46.793 12 52832.56741091 18.243
 19 301.346195 -27.338890    46.101    45.269 11 52867.56745324 17.512
 20 301.338395 -27.344076    45.860    45.482 12 52902.56747362 20.539
 21 301.341223 -27.341853    46.605    45.830 11 52937.56741196 16.353
 22 301.333381 -27.350114    48.395    48.461  9 52972.56744504 34.683
 23 301.330662 -27.352732    47.969    48.376  9 53007.56745557 25.296
 24 301.330210 -27.351978    45.811    45.783  9 53042.56741100 20.209
 25 301.333031 -27.349794    45.369    45.402 10 53077.56744368 27.613
 26 301.325919 -27.356814    45.164    45.204  6 53112.56741512 26.796
 27 301.331969 -27.350725    46.188    46.156  9 53147.56745797 22.395
 28 301.344225 -27.340170    47.265    47.709 11 53182.56745753 27.235
 29 301.336319 -27.348013    47.101    47.148 11 53217.56748310 33.010
 30 301.336370 -27.347233    46.229    46.006 10 53252.56746083 16.794
 31 301.325071 -27.357537    45.510    45.506  5 53287.56746178 24.328
 32 301.346453 -27.340202    49.031    48.578 11 53322.56743398 22.496
 33 301.347475 -27.338785    48.055    48.263 11 53357.56739970 23.661
 34 301.332529 -27.350219    47.123    47.083  9 53392.56741708 28.030
 35 301.344816 -27.340237    46.685    46.532 12 53427.56740995 25.634
 36 301.338707 -27.344735    48.574    48.696 12 53462.56742750 23.148
 37 301.326669 -27.357282    46.154    46.027  6 53497.56750302 24.762
 38 301.343654 -27.340834    47.738    47.942 12 53532.56748068 18.987
 40 301.343469 -27.340226    44.993    45.018 12 53602.56744612 29.095
 41 301.330231 -27.351626    46.860    46.320  9 53637.56744660 19.971
 42 301.329894 -27.352477    47.400    47.201  9 53672.56746759 26.774
 43 301.347891 -27.339310    47.837    48.018 11 53707.56739619 17.096
 44 301.348264 -27.337846    46.173    46.182 11 53742.56730753 25.325
 45 301.343765 -27.340201    45.912    45.871 11 53777.56733381 22.958
 46 301.346278 -27.339442    48.425    48.373 10 53812.56730996 16.097
 47 301.331066 -27.351181    47.680    47.382  9 53847.56736632 23.579
 49 301.327334 -27.355800    45.716    45.789  7 53917.56744912 33.471
 50 301.326289 -27.356661    45.515    45.551  6 53952.56745390 21.051
 52 301.335790 -27.347888    48.176    48.628 11 54022.56743083 21.921
 53 301.346680 -27.338753    48.086    48.363 11 54057.56742130 19.260
 54 301.342127 -27.341421    47.404    47.624 11 54092.56740354 17.191
 55 301.335525 -27.347643    49.110    49.009 10 54127.56734002 27.581
 56 301.337082 -27.346753    50.748    50.002 11 54162.56737404 29.179
 57 301.335148 -27.349182    50.469    49.169 10 54197.56734267 24.506
 58 301.338396 -27.344322    47.520    47.338 12 54232.56738598 24.937
 59 301.339312 -27.344199    47.468    47.035 11 54267.56740492 22.398
 60 301.339430 -27.345362    47.322    47.309 11 54302.56740931 18.915
 61 301.341377 -27.340763    46.747    46.935 12 54337.56739436 23.616
 62 301.337492 -27.346226    47.859    48.308 10 54372.56734251 27.910
 63 301.338222 -27.344791    49.947    50.722 12 54407.56734079 25.242
 64 301.334922 -27.348433    45.818    45.879 10 54442.56730290 33.408
 65 301.339745 -27.343842    47.268    47.388 11 54477.56732944 13.325
 66 301.335619 -27.348355    46.164    46.113 11 54512.56731831 24.815
 67 301.339612 -27.345021    46.531    46.503 11 54547.56734313 24.511
 68 301.339263 -27.345410    47.052    47.070 11 54582.56731279 23.472
 69 301.339290 -27.343886    45.845    45.811 12 54617.56733389 23.145
 70 301.335824 -27.348704    47.510    46.732 10 54652.56734689 24.988
 71 301.339668 -27.344458    46.204    46.174 11 54687.56733600 18.106
 72 301.335587 -27.348490    46.113    46.062 10 54722.56729376 24.164
 73 301.338002 -27.344900    47.296    47.518 12 54757.56731235 21.206
 74 301.332859 -27.349777    46.841    46.842 10 54792.56728743 26.860
 75 301.337759 -27.346055    44.941    44.907 10 54827.56730978 29.335
 76 301.335910 -27.347860    45.955    45.330 11 54862.56728141 34.412
 77 301.337751 -27.344865    46.394    46.404 12 54897.56731004 23.904
 78 301.334744 -27.349829    45.922    45.966 10 54932.56727633 25.451
 79 301.338316 -27.344916    46.004    45.220 12 54967.56731056 20.778
 80 301.333756 -27.350551    46.849    46.039 10 55002.56733208 27.749
 81 301.340073 -27.343746    46.469    46.514 11 55037.56731652 24.829
 82 301.340710 -27.341632    46.318    46.317 12 55072.56730274 16.852
 83 301.334463 -27.348163    47.911    47.839 10 55107.56725048 30.881
 84 301.337335 -27.346897    49.099    49.198 11 55142.56725499 27.304
 85 301.335828 -27.346273    49.131    49.025 11 55177.56722079 30.700
 86 301.337580 -27.346791    49.467    49.504 11 55212.56724983 28.974
 87 301.336769 -27.345953    48.863    48.743 11 55247.56722302 30.313
 88 301.338367 -27.345685    48.911    49.031 10 55282.56724249 27.320
 89 301.336674 -27.347364    49.081    49.045 10 55317.56721204 28.758
 90 301.339124 -27.344276    48.616    48.464 12 55352.56721536 28.856
 91 301.333630 -27.349163    46.845    46.854 10 55387.56721249 22.644
 92 301.339695 -27.344461    47.374    47.741 11 55422.56723263 20.792
 93 301.341802 -27.340730    48.194    47.974 12 55457.56720552 21.343
