#    0.000   0.000   0.000 ;Mean Elev.(m), Avg Gradient(m/km), RMS Gradient(m/km) - SRTM1     
#    0.000   0.000   0.000 ;Mean Elev.(m), Avg Gradient(m/km), RMS Gradient(m/km) - ASTER GDEM
#    8.449  -4.277   8.996 ;Mean Elev.(m), Avg Gradient(m/km), RMS Gradient(m/km) - GMTED2010 
  8    50.814 52498.09977144  5.98 299.405316 -31.722272  5.375
  8    50.966 52498.09977209  5.78 299.404406 -31.719002  5.375
  8    45.906 52498.09977273  6.56 299.403496 -31.715722  5.375
 10    77.199 52568.09977711  7.68 299.419798 -31.758781  2.349
 10    74.229 52568.09977775  7.48 299.418888 -31.755501  2.349
 10    71.910 52568.09977840  7.21 299.417978 -31.752231  2.349
 10    68.762 52568.09977904  7.65 299.417069 -31.748952 10.170
 10    68.741 52568.09977969  7.76 299.416149 -31.745682 10.170
 10    65.339 52568.09978033  8.32 299.415239 -31.742402 10.170
 10    65.120 52568.09978098  8.04 299.414329 -31.739122 10.170
 10    62.486 52568.09978162  8.20 299.413419 -31.735852 10.170
 10    60.661 52568.09978227  8.38 299.412499 -31.732572 10.170
 10    58.723 52568.09978291  8.38 299.411589 -31.729302 10.170
 10    55.982 52568.09978356  8.42 299.410679 -31.726022 10.170
 10    53.543 52568.09978420  8.10 299.409769 -31.722742 10.170
 10    52.427 52568.09978485  8.39 299.408859 -31.719472 10.170
 10    48.756 52568.09978549  8.64 299.407939 -31.716192 10.170
 10    46.460 52568.09978613  8.36 299.407029 -31.712922 10.170
 11    46.543 52603.09977965  9.72 299.400780 -31.725909  4.199
 11    44.806 52603.09978029  9.54 299.399860 -31.722629  4.199
 11    41.652 52603.09978094 10.69 299.398950 -31.719359  4.199
 13    53.083 52673.09975335  5.27 299.404011 -31.725447  7.619
 13    50.964 52673.09975399  5.63 299.403101 -31.722167  7.619
 13    48.810 52673.09975464  5.86 299.402191 -31.718897  7.619
 14    70.783 52708.09975441  6.07 299.417968 -31.759944  2.220
 14    68.983 52708.09975506  5.65 299.417048 -31.756674  2.220
 14    65.615 52708.09975570  6.10 299.416138 -31.753394  2.220
 14    55.484 52708.09976086  6.20 299.408838 -31.727184  2.220
 14    54.039 52708.09976150  6.21 299.407928 -31.723914  2.220
 14    52.457 52708.09976215  6.17 299.407018 -31.720634  2.220
 14    49.387 52708.09976279  6.53 299.406108 -31.717364  2.220
 14    46.157 52708.09976344  6.23 299.405188 -31.714084  2.220
 15    13.047 52743.09979164 24.72 299.399349 -31.724001 28.919
 15    13.247 52743.09979228 29.12 299.398439 -31.720721 28.919
 15    13.417 52743.09979293 44.88 299.397529 -31.717441 28.919
 17    33.835 52813.09981181 19.69 299.406147 -31.724494  8.968
 17    12.611 52813.09981310 45.45 299.404327 -31.717944  8.968
 17    11.982 52813.09981374 53.54 299.403417 -31.714664  8.968
 18    72.202 52848.09985839  8.46 299.418232 -31.761126  3.869
 18    70.299 52848.09985904  8.72 299.417322 -31.757856  3.869
 18    68.237 52848.09985968  8.59 299.416412 -31.754576  3.869
 18    52.462 52848.09986549  9.62 299.408192 -31.725096  3.869
 18    51.059 52848.09986613  9.46 299.407282 -31.721816  3.869
 18    47.876 52848.09986677  9.78 299.406372 -31.718546  3.869
 18    46.451 52848.09986742  9.62 299.405462 -31.715266  3.869
 18    44.384 52848.09986806  9.36 299.404552 -31.711996  3.869
 19    51.208 52883.09990166  5.64 299.402767 -31.724941  7.262
 19    49.365 52883.09990231  5.89 299.401847 -31.721661  7.262
 20    33.172 52918.09985856 21.00 299.404678 -31.723618  7.507
 20    33.040 52918.09985921 22.34 299.403768 -31.720338  7.507
 20    12.220 52918.09986050 48.34 299.401938 -31.713788  7.507
 21    73.560 52953.09981449  6.08 299.422952 -31.753719  4.386
 21    73.286 52953.09981513  6.78 299.422042 -31.750449  4.386
 21    71.709 52953.09981578  7.06 299.421122 -31.747169  4.386
 21    64.832 52953.09981642 10.27 299.420212 -31.743899  4.386
 21    48.592 52953.09981707 13.19 299.419302 -31.740619  4.386
 21    47.019 52953.09981771 14.80 299.418392 -31.737339  4.386
 21    53.402 52953.09981836 12.32 299.417472 -31.734069  4.386
 21    60.294 52953.09981900  9.12 299.416562 -31.730789  4.386
 21    32.822 52953.09982029 19.48 299.414742 -31.724239  4.386
 21    32.926 52953.09982094 19.23 299.413822 -31.720959  4.386
 21    32.896 52953.09982158 18.56 299.412912 -31.717689  4.386
 21    33.430 52953.09982223 15.96 299.411998 -31.714409 14.284
 21    12.881 52953.09982352 37.51 299.410178 -31.707859 14.284
 22    72.058 52988.09982580  6.01 299.422599 -31.750900  2.136
 22    70.107 52988.09982644  6.32 299.421689 -31.747620  2.136
 22    68.677 52988.09982709  6.26 299.420779 -31.744350  2.136
 22    68.014 52988.09982773  6.54 299.419859 -31.741070  2.136
 22    66.455 52988.09982838  6.42 299.418949 -31.737800  2.136
 22    65.744 52988.09982902  6.92 299.418039 -31.734520  2.136
 22    64.324 52988.09982966  6.59 299.417129 -31.731240  2.136
 22    63.137 52988.09983031  6.66 299.416209 -31.727970  2.136
 22    61.796 52988.09983095  6.38 299.415299 -31.724690  2.136
 22    59.509 52988.09983160  6.16 299.414389 -31.721420  2.136
 22    58.047 52988.09983224  6.64 299.413479 -31.718140  2.136
 22    56.255 52988.09983289  6.11 299.412569 -31.714860  2.136
 22    54.210 52988.09983353  6.17 299.411659 -31.711590  2.136
 22    50.781 52988.09983418  5.80 299.410743 -31.708309 19.313
 23    72.651 53023.09981223  5.54 299.419274 -31.758218  4.126
 23    69.701 53023.09981287  6.01 299.418354 -31.754938  4.126
 23    68.165 53023.09981352  5.84 299.417444 -31.751658  4.126
 23    67.291 53023.09981416  5.85 299.416534 -31.748388  4.126
 23    65.150 53023.09981481  6.24 299.415624 -31.745108  4.126
 23    60.470 53023.09981739  6.27 299.411974 -31.732008  4.126
 23    58.378 53023.09981803  6.26 299.411064 -31.728728  4.126
 23    48.815 53023.09981868 10.75 299.410154 -31.725458  4.126
 23    34.663 53023.09981932 13.81 299.409244 -31.722178  4.126
 23    43.453 53023.09981996 11.56 299.408324 -31.718908  4.126
 23    50.689 53023.09982061  6.41 299.407414 -31.715628  4.126
 23    45.506 53023.09982125  8.27 299.406504 -31.712348  4.126
 24    71.105 53058.09980776  6.07 299.422351 -31.751698  4.937
 24    72.965 53058.09980840  6.21 299.421441 -31.748428  4.937
 24    71.214 53058.09980905  6.26 299.420521 -31.745148  4.937
 24    68.641 53058.09980969  6.40 299.419611 -31.741878  4.937
 24    68.649 53058.09981034  6.24 299.418701 -31.738598  4.937
 24    65.559 53058.09981098  6.77 299.417791 -31.735318  4.937
 24    64.285 53058.09981163  6.58 299.416881 -31.732048  4.937
 24    62.970 53058.09981227  6.22 299.415961 -31.728768  4.937
 24    62.105 53058.09981292  6.39 299.415051 -31.725498  4.937
 24    59.548 53058.09981356  6.58 299.414141 -31.722218  4.937
 24    58.224 53058.09981421  6.45 299.413231 -31.718938  4.937
 24    56.325 53058.09981485  6.57 299.412311 -31.715668  4.937
 24    54.362 53058.09981549  6.33 299.411401 -31.712388  4.937
 24    48.435 53058.09981614  6.11 299.410491 -31.709118  4.937
 25    10.297 53093.09985068 21.83 299.396062 -31.726334 31.473
 25    10.968 53093.09985132 17.84 299.395152 -31.723054 31.473
 25    11.158 53093.09985197 25.24 299.394242 -31.719774 31.473
 26    72.103 53128.09981588  7.97 299.421195 -31.755201  2.250
 26    72.796 53128.09981653  6.82 299.420275 -31.751921  2.250
 26    71.428 53128.09981717  6.63 299.419365 -31.748641  2.250
 26    67.761 53128.09981782  6.90 299.418455 -31.745371  2.250
 26    66.371 53128.09981846  7.11 299.417545 -31.742094  9.915
 26    65.330 53128.09981911  6.99 299.416625 -31.738814  9.915
 26    65.337 53128.09981975  7.06 299.415715 -31.735544  9.915
 26    62.796 53128.09982040  7.20 299.414805 -31.732264  9.915
 26    61.091 53128.09982104  7.23 299.413895 -31.728994  9.915
 26    60.279 53128.09982169  7.10 299.412985 -31.725714  9.915
 26    58.166 53128.09982233  7.04 299.412065 -31.722444  9.915
 26    56.515 53128.09982298  6.64 299.411155 -31.719164  9.915
 26    54.724 53128.09982362  6.87 299.410245 -31.715884  9.915
 26    52.627 53128.09982427  7.14 299.409335 -31.712614  9.915
 26    46.126 53128.09982491  7.05 299.408415 -31.709334  9.915
 28    55.741 53198.09988799  6.47 299.407221 -31.725291  4.258
 28    53.351 53198.09988863  6.36 299.406311 -31.722021  4.258
 28    51.728 53198.09988928  6.24 299.405391 -31.718741  4.258
 28    51.272 53198.09988992  6.76 299.404481 -31.715471  4.258
 28    47.013 53198.09989056  6.68 299.403571 -31.712191  4.258
 29    69.779 53233.09985615  5.82 299.421429 -31.756658  5.603
 29    69.768 53233.09985680  6.14 299.420519 -31.753378  5.603
 29    69.323 53233.09985744  6.21 299.419609 -31.750098  5.603
 29    68.123 53233.09985809  6.55 299.418699 -31.746828  5.603
 29    66.392 53233.09985873  6.42 299.417779 -31.743548  5.603
 29    66.022 53233.09985938  6.64 299.416869 -31.740278  5.603
 29    64.448 53233.09986002  6.86 299.415959 -31.736998  5.603
 29    63.345 53233.09986067  6.51 299.415049 -31.733718  5.603
 29    61.999 53233.09986131  6.86 299.414139 -31.730448  5.603
 29    60.571 53233.09986195  6.40 299.413219 -31.727168  5.603
 29    58.794 53233.09986260  6.37 299.412309 -31.723898  5.603
 29    57.081 53233.09986324  6.61 299.411399 -31.720618  5.603
 29    55.504 53233.09986389  6.63 299.410489 -31.717338  5.603
 29    53.632 53233.09986453  6.62 299.409579 -31.714068  5.603
 29    51.493 53233.09986518  6.51 299.408669 -31.710788  5.603
 30    50.227 53268.09983057  5.29 299.400554 -31.725863  3.500
 30    49.067 53268.09983121  5.43 299.399644 -31.722583  3.500
 30    45.281 53268.09983186  5.32 299.398724 -31.719313  3.500
 30    32.460 53268.09983250 11.19 299.397814 -31.716033  3.500
 31    10.920 53303.09988778 25.79 299.400241 -31.725816 25.599
 31    10.811 53303.09988842 25.20 299.399321 -31.722536 25.599
 31    11.182 53303.09988907 24.59 299.398411 -31.719266 25.599
 32    51.393 53338.09985765  6.00 299.403783 -31.723216  4.438
 32    49.840 53338.09985830  6.33 299.402873 -31.719936  4.438
 32    46.827 53338.09985894  6.47 299.401963 -31.716666  4.438
 33    13.901 53373.09979102 40.22 299.404356 -31.725214 12.143
 33    13.377 53373.09979167 48.84 299.403446 -31.721944 12.143
 33    13.927 53373.09979231 46.04 299.402526 -31.718664 12.143
 33    15.406 53373.09979296 42.38 299.401616 -31.715384 12.143
 35    14.386 53443.09981534 38.76 299.401734 -31.723453 12.338
 35    15.012 53443.09981598 31.06 299.400824 -31.720173 12.338
 35    13.480 53443.09981663 28.17 299.399914 -31.716893 12.338
 36    38.468 53478.09988868 12.46 299.402308 -31.725106  6.069
 36    39.939 53478.09988932 12.59 299.401398 -31.721836  6.069
 37    54.444 53513.09989950  6.45 299.405565 -31.724525  2.063
 37    51.813 53513.09990014  6.09 299.404655 -31.721245  2.063
 37    49.784 53513.09990079  5.89 299.403745 -31.717965  2.063
 37    47.877 53513.09990143  6.41 299.402835 -31.714695  2.063
 38    48.526 53548.09991775  7.30 299.399809 -31.725638  4.184
 38    43.961 53548.09991839  7.24 299.398899 -31.722358  4.184
 39    54.135 53583.09988440  6.04 299.405214 -31.725235  3.792
 39    52.888 53583.09988504  6.22 299.404294 -31.721965  3.792
 39    49.853 53583.09988569  6.35 299.403384 -31.718685  3.792
 39    44.883 53583.09988633  6.26 299.402474 -31.715405  3.792
 40    39.004 53618.09984031 11.57 299.399179 -31.726353  5.553
 40    43.629 53618.09984095  7.03 299.398269 -31.723083  5.553
 41    54.327 53653.09986141  6.98 299.407265 -31.724319  3.131
 41    52.987 53653.09986205  6.63 299.406355 -31.721039  3.131
 41    51.285 53653.09986270  6.21 299.405435 -31.717769  3.131
 41    46.120 53653.09986334  6.39 299.404526 -31.714489 17.323
 43    33.653 53723.09978652 17.23 299.404664 -31.724865 11.067
 43    33.183 53723.09978717 19.09 299.403754 -31.721585 11.067
 44    74.878 53758.09971730  6.20 299.424145 -31.752249  3.571
 44    74.604 53758.09971794  6.21 299.423235 -31.748969  3.571
 44    70.683 53758.09971858  6.94 299.422325 -31.745699  3.571
 44    68.584 53758.09971923  7.75 299.421405 -31.742419  3.571
 44    66.361 53758.09971987  7.56 299.420495 -31.739149  3.571
 44    67.135 53758.09972052  7.20 299.419585 -31.735869  3.571
 44    64.446 53758.09972116  7.32 299.418675 -31.732589  3.571
 44    60.943 53758.09972181  8.00 299.417755 -31.729319  3.571
 44    61.896 53758.09972245  8.78 299.416845 -31.726039  3.571
 44    33.266 53758.09972374 18.52 299.415025 -31.719489  3.571
 44    33.207 53758.09972439 18.51 299.414115 -31.716209  3.571
 44    33.043 53758.09972503 16.36 299.413195 -31.712939  3.571
 44    49.123 53758.09972568  6.68 299.412284 -31.709660 16.807
 45    76.766 53793.09973826  5.30 299.418864 -31.761103  5.640
 45    71.318 53793.09973891  6.04 299.417954 -31.757833  5.640
 45    65.378 53793.09973955  7.46 299.417044 -31.754553  5.640
 45    59.834 53793.09974020  9.86 299.416134 -31.751273  5.640
 45    32.714 53793.09974471 18.70 299.409744 -31.728343  5.640
 45    32.920 53793.09974535 17.72 299.408834 -31.725073  5.640
 45    32.977 53793.09974600 20.35 299.407924 -31.721793  5.640
 45    32.730 53793.09974664 17.23 299.407014 -31.718513  5.640
 45    12.444 53793.09974793 38.50 299.405193 -31.711962 22.624
 46    71.948 53828.09970913  7.57 299.422117 -31.752958  2.132
 46    70.344 53828.09970977  7.58 299.421197 -31.749678  2.132
 46    68.410 53828.09971042  8.19 299.420287 -31.746408  2.132
 46    67.453 53828.09971106  8.19 299.419377 -31.743128  2.132
 46    66.747 53828.09971170  8.24 299.418467 -31.739858  2.132
 46    65.531 53828.09971235  8.27 299.417547 -31.736578  2.132
 46    63.620 53828.09971299  8.26 299.416637 -31.733298  2.132
 46    61.996 53828.09971364  7.87 299.415727 -31.730028  2.132
 46    60.938 53828.09971428  8.21 299.414817 -31.726748  2.132
 46    58.344 53828.09971493  8.11 299.413897 -31.723478  2.132
 46    55.787 53828.09971557  7.98 299.412987 -31.720198  2.132
 46    53.452 53828.09971622  8.15 299.412072 -31.716920 15.958
 46    51.645 53828.09971686  7.98 299.411162 -31.713650 15.958
 46    48.081 53828.09971751  7.91 299.410252 -31.710370 15.958
 46    44.159 53828.09971815 10.59 299.409342 -31.707090 15.958
 47    53.401 53863.09979950  5.95 299.404347 -31.723199  5.599
 47    50.334 53863.09980014  5.88 299.403437 -31.719919  5.599
 47    48.294 53863.09980079  5.74 299.402527 -31.716649  5.599
 48    54.663 53898.09982215  6.25 299.407253 -31.724701  2.206
 48    53.319 53898.09982279  6.63 299.406343 -31.721421  2.206
 48    49.916 53898.09982344  6.61 299.405423 -31.718151  2.206
 48    40.364 53898.09982408 12.29 299.404516 -31.714873 18.313
 49    28.000 53933.09986892 14.71 299.396564 -31.728254  9.020
 49    11.586 53933.09987085 32.46 299.393824 -31.718434  9.020
 50    42.239 53968.09984218 10.62 299.398717 -31.724909  7.482
 50    45.032 53968.09984283  6.16 299.397807 -31.721639  7.482
 51    75.192 54003.09980427  5.97 299.421450 -31.753742  2.267
 51    72.281 54003.09980491  6.20 299.420530 -31.750462  2.267
 51    69.289 54003.09980556  6.39 299.419620 -31.747192  2.267
 51    69.219 54003.09980620  6.50 299.418710 -31.743912  2.267
 51    67.833 54003.09980685  6.62 299.417800 -31.740642  2.267
 51    66.183 54003.09980749  6.73 299.416880 -31.737362  2.267
 51    63.324 54003.09980814  6.61 299.415970 -31.734092  2.267
 51    62.709 54003.09980878  6.51 299.415060 -31.730812  2.267
 51    60.453 54003.09980943  7.14 299.414150 -31.727532  2.267
 51    59.646 54003.09981007  6.61 299.413230 -31.724262  2.267
 51    57.651 54003.09981072  6.48 299.412320 -31.720982  2.267
 51    50.658 54003.09981136  8.57 299.411410 -31.717712  2.267
 51    54.196 54003.09981201  7.38 299.410500 -31.714432  2.267
 51    52.353 54003.09981265  6.44 299.409580 -31.711162  2.267
 51    45.960 54003.09981329  6.86 299.408670 -31.707882  2.267
 52    72.301 54038.09983966  6.74 299.419588 -31.757885  3.433
 52    70.438 54038.09984031  6.78 299.418678 -31.754615  3.433
 52    69.495 54038.09984095  7.02 299.417768 -31.751335  3.433
 52    70.096 54038.09984160  6.95 299.416848 -31.748065  3.433
 52    66.752 54038.09984224  7.04 299.415938 -31.744785  3.433
 52    63.956 54038.09984353  7.18 299.414118 -31.738235  3.433
 52    61.980 54038.09984417  7.24 299.413198 -31.734955  3.433
 52    60.821 54038.09984482  7.38 299.412288 -31.731675  3.433
 52    58.684 54038.09984546  7.31 299.411378 -31.728405  3.433
 52    55.386 54038.09984611  7.56 299.410468 -31.725125  3.433
 52    53.670 54038.09984675  7.62 299.409558 -31.721855  3.433
 52    54.075 54038.09984740  7.49 299.408638 -31.718575  3.433
 52    48.878 54038.09984804  7.56 299.407728 -31.715305  3.433
 52    46.057 54038.09984869  7.89 299.406818 -31.712025  3.433
 53    54.013 54073.09984020  7.02 299.406890 -31.724644  4.330
 53    52.835 54073.09984085  6.64 299.405980 -31.721374  4.330
 53    48.398 54073.09984149  6.98 299.405060 -31.718094  4.330
 53    46.239 54073.09984214  6.93 299.404150 -31.714824  4.330
 54    50.278 54108.09978816  5.77 299.400694 -31.725485  7.970
 54    47.562 54108.09978881  5.34 299.399784 -31.722205  7.970
 54    46.478 54108.09978945  5.71 299.398874 -31.718935  7.970
 55    13.410 54143.09977654 30.64 299.407743 -31.724848 22.002
 55    13.359 54143.09977718 21.37 299.406823 -31.721568 22.002
 55    13.060 54143.09977782 22.50 299.405913 -31.718298 22.002
 55    13.096 54143.09977847 23.15 299.405003 -31.715018 22.002
 55    13.466 54143.09977911 30.62 299.404093 -31.711738 22.002
 57    34.468 54213.09978376 21.43 299.405936 -31.722864  4.941
 57    34.366 54213.09978440 19.45 299.405026 -31.719594  4.941
 57    45.599 54213.09978505  7.86 299.404106 -31.716314  4.941
 57    14.187 54213.09978569 30.82 299.403198 -31.713036 21.754
 58    54.309 54248.09981298  6.39 299.405630 -31.723189  2.719
 58    51.320 54248.09981362  6.22 299.404720 -31.719919  2.719
 58    47.788 54248.09981427  6.28 299.403800 -31.716639  2.719
 60    55.278 54318.09981920  6.46 299.406842 -31.724284  2.679
 60    50.949 54318.09981985  6.49 299.405932 -31.721004  2.679
 60    48.196 54318.09982049  6.74 299.405022 -31.717724  2.679
 60    46.187 54318.09982114  6.44 299.404112 -31.714454  2.679
 61    52.575 54353.09978452  6.05 299.403514 -31.722999  2.264
 61    49.468 54353.09978516  6.02 299.402604 -31.719719  2.264
 61    44.527 54353.09978581  6.15 299.401694 -31.716439  2.264
 62    11.639 54388.09975886 25.77 299.407870 -31.725196 19.947
 62    11.455 54388.09975951 22.34 299.406960 -31.721926 19.947
 62    11.400 54388.09976015 19.14 299.406040 -31.718646 19.947
 62    11.541 54388.09976080 18.89 299.405130 -31.715376 19.947
 62    12.091 54388.09976144 25.37 299.404220 -31.712096 19.947
 63    52.602 54423.09973421  5.42 299.403551 -31.722779  7.619
 63    49.568 54423.09973485  5.38 299.402641 -31.719509  7.619
 63    47.897 54423.09973549  5.45 299.401731 -31.716229  7.619
 64    75.723 54458.09972652  7.98 299.419514 -31.758528  3.370
 64    70.479 54458.09972716  8.12 299.418604 -31.755258  3.370
 64    68.517 54458.09972781  8.56 299.417694 -31.751978  3.370
 64    67.803 54458.09972845  8.45 299.416774 -31.748708  3.370
 64    65.999 54458.09972910  8.73 299.415864 -31.745428  3.370
 64    59.633 54458.09973168  9.16 299.412214 -31.732328  3.370
 64    57.606 54458.09973232  8.95 299.411304 -31.729048  3.370
 64    56.233 54458.09973297  8.79 299.410394 -31.725768  3.370
 64    53.812 54458.09973361  8.76 299.409474 -31.722498  3.370
 64    51.853 54458.09973426  8.64 299.408564 -31.719218  3.370
 64    49.098 54458.09973490  8.65 299.407654 -31.715948  3.370
 64    46.653 54458.09973555  8.61 299.406744 -31.712668  3.370
 65    54.588 54493.09973723  6.40 299.405483 -31.724834  2.102
 65    51.435 54493.09973788  6.70 299.404573 -31.721554  2.102
 65    49.850 54493.09973852  6.39 299.403663 -31.718274  2.102
 65    46.990 54493.09973917  6.36 299.402753 -31.715004  2.102
 66    72.012 54528.09973919  6.18 299.419150 -31.758158  2.083
 66    69.975 54528.09973983  6.47 299.418240 -31.754878  2.083
 66    67.987 54528.09974048  6.41 299.417330 -31.751598  2.083
 66    67.474 54528.09974112  6.63 299.416420 -31.748328  2.083
 66    65.347 54528.09974176  7.00 299.415500 -31.745048  2.083
 66    60.798 54528.09974434  7.08 299.411860 -31.731948  2.083
 66    59.560 54528.09974499  6.98 299.410940 -31.728668  2.083
 66    56.902 54528.09974563  7.08 299.410030 -31.725398  2.083
 66    56.099 54528.09974628  6.71 299.409120 -31.722118  2.083
 66    53.801 54528.09974692  6.58 299.408210 -31.718848  2.083
 66    49.274 54528.09974757  6.89 299.407290 -31.715568  2.083
 66    48.953 54528.09974821  7.16 299.406381 -31.712289 15.305
 67    33.651 54563.09974516 15.31 299.402539 -31.723112  4.767
 67    34.403 54563.09974580 13.58 299.401629 -31.719832  4.767
 67    33.884 54563.09974645 16.20 299.400719 -31.716562  4.767
 68    54.449 54598.09974240  7.21 299.405710 -31.723628  3.204
 68    49.654 54598.09974304  6.39 299.404800 -31.720358  3.204
 68    47.035 54598.09974369  6.34 299.403890 -31.717078  3.204
 69    53.667 54633.09975528  6.14 299.404546 -31.723750  4.188
 69    50.580 54633.09975592  5.97 299.403636 -31.720470  4.188
 69    48.379 54633.09975657  6.07 299.402726 -31.717200  4.188
 70    52.352 54668.09976009  6.07 299.404403 -31.725186  2.601
 70    51.140 54668.09976074  5.97 299.403493 -31.721906  2.601
 70    49.206 54668.09976138  5.75 299.402583 -31.718626  2.601
 70    46.632 54668.09976203  5.78 299.401673 -31.715356  2.601
 71    53.240 54703.09972628  6.55 299.404322 -31.722920  4.656
 71    50.214 54703.09972693  6.68 299.403412 -31.719640  4.656
 71    45.365 54703.09972757  6.62 299.402502 -31.716360  4.656
 72    76.146 54738.09971485  5.66 299.418349 -31.760565  2.317
 72    74.640 54738.09971549  6.06 299.417429 -31.757295  2.317
 72    73.637 54738.09971614  6.24 299.416519 -31.754015  2.317
 72    67.916 54738.09971678  6.23 299.415609 -31.750735  2.317
 72    58.172 54738.09972129  6.29 299.409219 -31.727805  2.317
 72    55.058 54738.09972194  6.16 299.408309 -31.724535  2.317
 72    54.142 54738.09972258  6.27 299.407399 -31.721255  2.317
 72    52.076 54738.09972323  6.18 299.406479 -31.717975  2.317
 72    48.603 54738.09972387  6.20 299.405569 -31.714705  2.317
 72    47.511 54738.09972452  6.42 299.404659 -31.711424 21.459
 73    12.253 54773.09970672 35.72 299.405423 -31.723216 23.787
 73    11.965 54773.09970737 32.58 299.404513 -31.719936 23.787
 73    11.927 54773.09970801 31.87 299.403603 -31.716656 23.787
 73    12.075 54773.09970866 31.42 299.402693 -31.713386 23.787
 74    72.017 54808.09970755  5.35 299.418245 -31.760851  3.144
 74    69.445 54808.09970819  5.62 299.417325 -31.757581  3.144
 74    69.209 54808.09970884  5.48 299.416415 -31.754301  3.144
 74    33.142 54808.09971400 17.08 299.409115 -31.728091  3.144
 74    48.729 54808.09971464 12.51 299.408205 -31.724821  3.144
 74    53.870 54808.09971528  6.78 299.407295 -31.721541  3.144
 74    50.818 54808.09971593  6.43 299.406385 -31.718271  3.144
 74    47.661 54808.09971657  6.80 299.405465 -31.714991  3.144
 74    43.956 54808.09971722  8.78 299.404554 -31.711713 15.801
 75    54.648 54843.09970414  5.88 299.405456 -31.725093  2.466
 75    52.129 54843.09970479  5.87 299.404546 -31.721813  2.466
 75    48.976 54843.09970543  5.80 299.403636 -31.718533  2.466
 75    47.319 54843.09970608  5.70 299.402726 -31.715263  2.466
 76    51.335 54878.09971825  6.40 299.405141 -31.722219  2.524
 76    50.211 54878.09971889  5.55 299.404221 -31.718949  2.524
 76    47.580 54878.09971954  5.30 299.403312 -31.715668 12.854
 77    51.329 54913.09970773  5.71 299.402178 -31.726155  3.568
 77    49.397 54913.09970837  5.83 299.401258 -31.722885  3.568
 77    47.536 54913.09970902  5.33 299.400348 -31.719605  3.568
 77    45.168 54913.09970966  5.28 299.399438 -31.716325  3.568
 78    32.624 54948.09971070 14.50 299.404814 -31.722176 14.628
 78    33.456 54948.09971135 14.27 299.403904 -31.718896 14.628
 78    32.880 54948.09971199 20.93 299.402994 -31.715626 14.628
 79    52.184 54983.09973605  6.95 299.404483 -31.725004  3.261
 79    49.398 54983.09973669  6.97 299.403573 -31.721724  3.261
 79    46.240 54983.09973734  8.72 299.402653 -31.718454  3.261
 79    32.615 54983.09973798 16.00 299.401747 -31.715174 12.725
 80    55.290 55018.09973366  6.41 299.406269 -31.724354  2.357
 80    52.208 55018.09973431  6.32 299.405359 -31.721074  2.357
 80    49.463 55018.09973495  6.50 299.404449 -31.717794  2.357
 80    47.807 55018.09973560  6.84 299.403539 -31.714524  2.357
 81    33.657 55053.09972940 20.67 299.406080 -31.723907  6.993
 81    33.269 55053.09973005 21.73 299.405170 -31.720627  6.993
 81    12.802 55053.09973134 47.20 299.403350 -31.714077  6.993
 82    50.967 55088.09969196  6.28 299.402101 -31.724728  3.635
 82    48.700 55088.09969260  5.87 299.401191 -31.721448  3.635
 82    46.583 55088.09969325  5.75 299.400281 -31.718168  3.635
 83    71.240 55123.09965813  6.19 299.418580 -31.759589  2.697
 83    70.045 55123.09965877  6.52 299.417670 -31.756309  2.697
 83    72.648 55123.09965941  6.19 299.416760 -31.753029  2.697
 83    67.398 55123.09966006  6.43 299.415850 -31.749759  2.697
 83    57.865 55123.09966457  6.57 299.409460 -31.726829  2.697
 83    55.761 55123.09966522  6.60 299.408550 -31.723549  2.697
 83    52.840 55123.09966586  6.54 299.407640 -31.720269  2.697
 83    51.683 55123.09966651  6.43 299.406720 -31.716999  2.697
 83    47.794 55123.09966715  6.30 299.405811 -31.713718 19.895
 84    13.283 55158.09965227 24.18 299.402744 -31.722694 24.966
 84    13.276 55158.09965291 25.37 299.401834 -31.719414 24.966
 84    13.541 55158.09965356 26.53 299.400924 -31.716134 24.966
 85    15.599 55193.09965454 25.83 299.408967 -31.726921 10.067
 85    15.422 55193.09965518 25.17 299.408057 -31.723641 10.067
 85    14.190 55193.09965583 25.27 299.407137 -31.720361 10.067
 85    14.746 55193.09965647 24.51 299.406227 -31.717091 10.067
 85    14.843 55193.09965712 25.21 299.405315 -31.713811 39.048
 86    36.221 55228.09965370 14.84 299.403216 -31.725662  5.817
 86    45.221 55228.09965435  9.44 299.402306 -31.722392  5.817
 86    14.947 55228.09965564 29.50 299.400486 -31.715842  5.817
 87    14.551 55263.09964967 30.94 299.407644 -31.725333 19.910
 87    14.259 55263.09965032 26.57 299.406734 -31.722053 19.910
 87    13.828 55263.09965096 27.47 299.405824 -31.718773 19.910
 87    14.072 55263.09965161 27.24 299.404904 -31.715503 19.910
 87    14.407 55263.09965225 31.79 299.403998 -31.712223 46.599
 88    16.611 55298.09963795 48.58 299.403145 -31.722146 13.759
 88    15.634 55298.09963859 47.75 299.402235 -31.718866 13.759
 88    14.128 55298.09963924 48.04 299.401325 -31.715596 13.759
 89    50.361 55333.09962994  8.04 299.403587 -31.723735  3.166
 89    46.719 55333.09963058  8.11 299.402677 -31.720455  3.166
 90    13.519 55368.09962188 35.75 299.404466 -31.720325  7.218
 90    13.125 55368.09962253 34.91 299.403556 -31.717045  7.218
 90    13.536 55368.09962317 33.15 299.402646 -31.713775  7.218
 91    71.266 55403.09962901  9.43 299.418687 -31.760958  4.182
 91    56.776 55403.09962965 11.81 299.417767 -31.757688  4.182
 91    58.830 55403.09963094 10.93 299.415947 -31.751128  4.182
 91    32.293 55403.09963545 19.39 299.409557 -31.728198  4.182
 91    52.617 55403.09963610  9.33 299.408647 -31.724928  4.182
 91    51.184 55403.09963674  7.67 299.407737 -31.721648  4.182
 91    50.571 55403.09963739  6.68 299.406827 -31.718378  4.182
 91    45.298 55403.09963803  9.29 299.405907 -31.715098  4.182
 92    55.332 55438.09963913  6.30 299.406294 -31.724796  2.148
 92    52.716 55438.09963977  6.04 299.405384 -31.721516  2.148
 92    50.382 55438.09964042  6.08 299.404474 -31.718236  2.148
 92    47.430 55438.09964106  6.04 299.403564 -31.714966  2.148
 93    11.094 55473.09958844 37.89 299.402035 -31.719877 18.540
 93    11.410 55473.09958909 45.95 299.401125 -31.716597 18.540
