#    0.000   0.000   0.000 ;Mean Elev.(m), Avg Gradient(m/km), RMS Gradient(m/km) - SRTM1     
#    0.000   0.000   0.000 ;Mean Elev.(m), Avg Gradient(m/km), RMS Gradient(m/km) - ASTER GDEM
#   49.634  -0.167   3.257 ;Mean Elev.(m), Avg Gradient(m/km), RMS Gradient(m/km) - GMTED2010 
  6 301.789147 -27.261433    49.565    49.556 11 52438.09069235 45.039
  7 301.793372 -27.261436    48.110    48.041 11 52473.09069236 31.728
  8 301.797421 -27.262024    48.704    48.686 11 52508.09066263 45.070
  9 301.808703 -27.261631    49.429    49.438 11 52543.09064612 50.473
 11 301.793622 -27.261948    50.641    50.647 10 52613.09066214 47.153
 12 301.801191 -27.262321    48.867    48.813 11 52648.09064467 47.728
 13 301.804135 -27.262440    50.337    50.357 12 52683.09061960 47.915
 14 301.796405 -27.261479    50.533    50.530 10 52718.09067710 47.455
 15 301.783513 -27.259287    49.372    49.330  9 52753.09070230 32.566
 16 301.800883 -27.262919    48.541    48.571 11 52788.09064751 34.379
 17 301.800986 -27.262000    48.371    48.411 12 52823.09071929 38.020
 18 301.802772 -27.261325    48.089    48.140 12 52858.09076603 32.335
 19 301.794518 -27.261242    48.258    48.280 10 52893.09079792 48.998
 20 301.791894 -27.261000    48.765    48.794 11 52928.09074904 45.686
 21 301.807031 -27.261958    48.897    48.919 11 52963.09072510 49.989
 22 301.793761 -27.261169    50.760    50.749 10 52998.09076464 48.761
 23 301.792928 -27.260900    48.996    49.003 10 53033.09072051 50.730
 24 301.801077 -27.262162    48.073    48.093 11 53068.09073293 48.915
 25 301.791704 -27.261767    48.555    48.541 11 53103.09072208 35.816
 26 301.803136 -27.262621    48.500    48.515 12 53138.09073673 33.544
 27 301.797433 -27.262963    49.293    49.322 11 53173.09078064 49.132
 28 301.795747 -27.262203    49.758    49.808 11 53208.09079622 39.186
 29 301.799094 -27.261369    48.572    48.552 11 53243.09076361 48.730
 30 301.801638 -27.262927    51.010    48.608 12 53278.09073911 31.441
 31 301.796894 -27.262561    50.448    50.423 11 53313.09076987 40.045
 32 301.799170 -27.261125    49.764    49.696 11 53348.09073574 47.135
 33 301.802376 -27.262786    49.426    49.457 11 53383.09070310 46.117
 34 301.805712 -27.261944    51.262    51.245 11 53418.09071469 45.895
 35 301.804565 -27.261883    48.542    48.565 11 53453.09071739 47.673
 36 301.790990 -27.262082    48.782    48.838 10 53488.09080291 47.188
 37 301.800733 -27.261813    48.953    48.964 11 53523.09079255 44.445
 38 301.790031 -27.261286    48.748    48.718 10 53558.09081867 44.313
 39 301.803184 -27.262117    48.658    48.648 12 53593.09075496 42.362
 40 301.795538 -27.260667    48.907    48.883 11 53628.09074677 49.530
 41 301.795719 -27.261363    50.774    50.786 10 53663.09077132 50.460
 42 301.797191 -27.260638    48.906    48.788 11 53698.09073381 21.891
 43 301.799698 -27.263092    50.378    50.355 11 53733.09065585 47.062
 44 301.805242 -27.261506    49.241    49.197 12 53768.09063494 47.343
 45 301.800252 -27.262236    49.703    49.711 12 53803.09063312 50.452
 46 301.800810 -27.262354    49.322    49.296 11 53838.09064808 33.268
 47 301.799499 -27.261737    48.199    48.176 12 53873.09069823 34.990
 48 301.794591 -27.262031    48.288    48.294 11 53908.09074054 40.834
 49 301.788142 -27.261300    48.404    48.438 11 53943.09076631 49.153
 50 301.793536 -27.261740    48.174    48.196 11 53978.09071749 36.105
 51 301.803750 -27.262713    48.446    48.462 11 54013.09072638 40.696
 52 301.805584 -27.262119    48.665    48.634 11 54048.09073522 31.785
 54 301.794679 -27.261745    50.885    50.873 11 54118.09065832 39.200
 55 301.796964 -27.261470    52.186    52.182 11 54153.09068213 48.600
 57 301.798632 -27.263186    51.115    51.190 11 54223.09069124 41.685
 58 301.798318 -27.262555    49.874    49.864 11 54258.09071389 49.341
 59 301.799897 -27.263098    48.751    48.759 11 54293.09071624 43.558
 60 301.799508 -27.262205    48.454    48.498 12 54328.09071141 37.502
 61 301.795077 -27.261183    48.370    48.299 10 54363.09066022 32.084
 62 301.801167 -27.262685    48.757    48.794 12 54398.09065106 44.979
 63 301.797625 -27.260665    49.167    49.170 11 54433.09060954 47.107
 64 301.802373 -27.261277    48.936    49.017 12 54468.09063365 34.254
 66 301.800013 -27.262412    48.952    49.041 12 54538.09064882 38.909
 67 301.797264 -27.262695    49.910    50.008 11 54573.09062643 40.867
 68 301.798496 -27.262360    48.815    48.844 11 54608.09064281 46.616
 69 301.797037 -27.260399    49.109    49.109 11 54643.09065126 49.507
 70 301.797392 -27.262374    48.589    48.489 11 54678.09065259 35.139
 71 301.797521 -27.262731    48.784    48.837 11 54713.09060592 30.964
 72 301.798799 -27.262546    49.663    49.674 11 54748.09062190 46.100
 73 301.798529 -27.261077    50.381    50.397 11 54783.09059234 47.972
 74 301.800071 -27.262288    48.756    48.726 11 54818.09061405 48.273
 75 301.798097 -27.261928    48.907    48.895 11 54853.09059013 49.167
 76 301.797133 -27.261681    49.133    49.111 11 54888.09061888 47.572
 77 301.793607 -27.262318    48.752    48.746 11 54923.09058955 30.430
 78 301.798525 -27.262556    48.112    48.112 11 54958.09061596 48.269
 79 301.795598 -27.261856    48.307    48.344 10 54993.09063885 45.483
 80 301.797652 -27.260494    49.772    49.786 11 55028.09062884 50.083
 81 301.798678 -27.262754    49.539    49.486 11 55063.09062093 35.993
 82 301.793441 -27.260668    50.452    50.421 11 55098.09056826 44.698
 83 301.798718 -27.260530    53.206    53.216 11 55133.09056466 52.384
 84 301.798596 -27.261143    51.366    51.438 11 55168.09052973 46.582
 85 301.798445 -27.260966    52.367    52.349 11 55203.09055756 49.608
 86 301.795737 -27.261384    52.786    52.803 11 55238.09053766 50.989
 87 301.797693 -27.260815    50.766    50.835 11 55273.09055061 44.051
 88 301.796349 -27.261673    50.439    50.453 11 55308.09052042 41.949
 89 301.799332 -27.261639    50.627    50.636 11 55343.09052076 46.165
 90 301.798030 -27.263123    49.114    49.142 11 55378.09051409 49.753
 91 301.800019 -27.261174    48.962    48.889 11 55413.09053881 42.160
 92 301.798651 -27.262732    48.432    48.408 11 55448.09052849 49.498
 93 301.795531 -27.260542    49.620    49.668 11 55483.09045723 35.864
