#    0.000   0.000   0.000 ;Mean Elev.(m), Avg Gradient(m/km), RMS Gradient(m/km) - SRTM1     
#    0.000   0.000   0.000 ;Mean Elev.(m), Avg Gradient(m/km), RMS Gradient(m/km) - ASTER GDEM
#    8.449  -4.277   8.996 ;Mean Elev.(m), Avg Gradient(m/km), RMS Gradient(m/km) - GMTED2010 
  8 299.404406 -31.718999    49.229    50.814  3 52498.09977209  6.119
 10 299.413416 -31.735850    62.023    62.347 15 52568.09978162  8.086
 11 299.399863 -31.722632    44.333    44.806  3 52603.09978029 10.013
 13 299.403101 -31.722170    50.952    50.964  3 52673.09975399  5.593
 14 299.408384 -31.725550    57.863    54.709  8 52708.09976118  6.151
 15 299.398439 -31.720721    13.237    13.247  3 52743.09979228 40.263
 17 299.404630 -31.719034    19.476    12.611  3 52813.09981288 49.397
 18 299.407741 -31.723459    56.622    51.038  8 52848.09986581  9.229
 19 299.402307 -31.723301    50.286    50.286  2 52883.09990198  5.767
 20 299.403461 -31.719248    26.144    33.040  3 52918.09985942 43.588
 21 299.417475 -31.734067    49.050    50.869 13 52953.09981836 26.657
 22 299.416671 -31.729606    62.794    62.952 14 52988.09982999  6.365
 23 299.411519 -31.730369    57.078    56.172 12 53023.09981771  8.715
 24 299.416421 -31.730408    63.171    63.714 14 53058.09981195  6.374
 25 299.395152 -31.723054    10.808    10.968  3 53093.09985132 22.612
 26 299.414805 -31.732267    62.230    62.796 15 53128.09982040  7.061
 28 299.405395 -31.718741    51.821    51.380  5 53198.09988928  6.506
 29 299.415048 -31.733722    62.418    62.522 15 53233.09986067  6.484
 30 299.399184 -31.720948    44.259    47.174  4 53268.09983154  7.677
 31 299.399324 -31.722539    10.971    10.920  3 53303.09988842 25.221
 32 299.402873 -31.719939    49.353    49.840  3 53338.09985830  6.271
 33 299.402986 -31.720301    14.153    13.914  4 53373.09979199 45.580
 35 299.400824 -31.720173    14.293    14.386  3 53443.09981598 34.983
 36 299.401853 -31.723471    39.204    39.204  2 53478.09988900 12.525
 37 299.404200 -31.719608    50.980    50.799  4 53513.09990047  6.216
 38 299.399354 -31.723998    46.243    46.243  2 53548.09991807  7.270
 39 299.403841 -31.720322    50.440    51.370  4 53583.09988536  6.219
 40 299.398724 -31.724718    41.317    41.317  2 53618.09984063  9.868
 41 299.405895 -31.719404    51.180    52.136  4 53653.09986237  6.562
 43 299.404209 -31.723225    33.418    33.418  2 53723.09978684 18.259
 44 299.418672 -31.732593    58.321    62.284 13 53758.09972116 12.653
 45 299.409748 -31.728343    46.342    36.758  9 53793.09974471 29.148
 46 299.415725 -31.730026    60.564    60.454 15 53828.09971364  8.267
 47 299.403437 -31.719922    50.677    50.334  3 53863.09980014  5.858
 48 299.405884 -31.719787    49.566    51.618  4 53898.09982312  8.800
 49 299.395194 -31.723344    19.793    19.793  2 53933.09986988 29.522
 50 299.398262 -31.723274    43.636    43.636  2 53968.09984251  8.939
 51 299.415058 -31.730812    61.797    62.475 15 54003.09980878  6.778
 52 299.412746 -31.733319    60.899    60.211 14 54038.09984450  7.281
 53 299.405520 -31.719734    50.371    50.616  4 54073.09984117  6.895
 54 299.399784 -31.722208    48.106    47.562  3 54108.09978881  5.611
 55 299.405915 -31.718294    13.278    13.201  5 54143.09977782 27.534
 57 299.404566 -31.717952    32.155    34.417  4 54213.09978473 25.566
 58 299.404717 -31.719916    51.139    51.320  3 54248.09981362  6.297
 60 299.405477 -31.719366    50.153    49.573  4 54318.09982017  6.534
 61 299.402604 -31.719719    48.857    49.468  3 54353.09978516  6.074
 62 299.406044 -31.718646    11.625    11.498  5 54388.09976015 23.234
 63 299.402641 -31.719506    50.023    49.568  3 54423.09973485  5.417
 64 299.411759 -31.730686    60.284    58.056 12 54458.09973200  8.628
 65 299.404118 -31.719916    50.716    50.643  4 54493.09973820  6.465
 66 299.411399 -31.730309    60.682    59.112 12 54528.09974467  6.774
 67 299.401629 -31.719835    33.979    33.884  3 54563.09974580 15.161
 68 299.404800 -31.720355    50.379    49.654  3 54598.09974304  6.665
 69 299.403636 -31.720473    50.875    50.580  3 54633.09975592  6.061
 70 299.403038 -31.720268    49.832    50.173  4 54668.09976106  5.895
 71 299.403412 -31.719640    49.607    50.214  3 54703.09972693  6.617
 72 299.408764 -31.726167    60.790    56.231 10 54738.09972161  6.175
 73 299.404058 -31.718298    12.055    12.020  4 54773.09970769 33.258
 74 299.408204 -31.724818    54.317    52.869  9 54808.09971464 10.500
 75 299.404091 -31.720175    50.768    50.553  4 54843.09970511  5.813
 76 299.404225 -31.718945    49.709    50.211  3 54878.09971889  5.776
 77 299.400805 -31.721242    48.357    48.466  4 54913.09970870  5.544
 78 299.403904 -31.718899    32.987    32.880  3 54948.09971135 17.752
 79 299.403114 -31.720089    45.109    47.819  4 54983.09973701 11.553
 80 299.404904 -31.719436    51.192    50.835  4 55018.09973463  6.522
 81 299.404867 -31.719537    26.576    33.269  3 55053.09973026 42.451
 82 299.401191 -31.721448    48.750    48.700  3 55088.09969260  5.973
 83 299.409460 -31.726825    60.808    56.398  9 55123.09966457  6.421
 84 299.401834 -31.719414    13.367    13.283  3 55158.09965291 25.465
 85 299.407141 -31.720362    14.960    15.220  5 55193.09965583 25.218
 86 299.402003 -31.721299    32.130    36.221  3 55228.09965456 24.916
 87 299.405821 -31.718774    14.223    14.165  5 55263.09965096 29.339
 88 299.402235 -31.718869    15.457    15.634  3 55298.09963859 48.137
 89 299.403132 -31.722095    48.540    48.540  2 55333.09963026  8.075
 90 299.403556 -31.717048    13.393    13.519  3 55368.09962253 34.733
 91 299.409103 -31.726563    52.354    52.466  8 55403.09963578 12.753
 92 299.404929 -31.719879    51.465    51.549  4 55438.09964009  6.116
 93 299.401580 -31.718237    11.252    11.252  2 55473.09958876 43.570
