#    0.000   0.000   0.000 ;Mean Elev.(m), Avg Gradient(m/km), RMS Gradient(m/km) - SRTM1     
#    0.000   0.000   0.000 ;Mean Elev.(m), Avg Gradient(m/km), RMS Gradient(m/km) - ASTER GDEM
#   39.864  -1.234   4.416 ;Mean Elev.(m), Avg Gradient(m/km), RMS Gradient(m/km) - GMTED2010 
  7 301.164925 -27.963668    24.229    24.299 13 52447.56751318 26.712
  8 301.170281 -27.974760    54.052    57.035 11 52482.56750456 22.208
  9 301.175228 -27.984970    53.286    52.109 11 52517.56746230 21.373
 10 301.166764 -27.965412    42.517    42.446 13 52552.56750820 21.301
 11 301.175035 -27.983638    56.154    56.286 12 52587.56748971 18.885
 12 301.174129 -27.979753    44.326    44.170 14 52622.56745135 24.602
 13 301.174019 -27.979682    51.298    49.626 13 52657.56746171 19.889
 15 301.173415 -27.980559    44.294    43.549 14 52727.56748648 23.933
 16 301.168424 -27.966973    42.730    42.749 12 52762.56749732 46.777
 17 301.174680 -27.981691    51.366    50.555 13 52797.56746529 19.044
 18 301.174522 -27.979476    47.854    48.880 13 52832.56753630 34.188
 19 301.175507 -27.990596    56.083    60.079  8 52867.56758121 18.326
 20 301.172061 -27.979375    43.806    42.116 13 52902.56759837 17.591
 21 301.174097 -27.980448    54.516    59.337 14 52937.56753735 17.668
 22 301.170424 -27.972272    48.729    49.476 10 52972.56756721 22.090
 23 301.169035 -27.969985    43.115    43.000 11 53007.56757677 24.258
 24 301.168937 -27.967555    44.682    43.685 12 53042.56753188 36.118
 25 301.170137 -27.971963    41.417    41.447  9 53077.56756585 34.443
 26 301.166794 -27.964198    41.474    41.408 12 53112.56753438 19.740
 27 301.169897 -27.969591    42.218    42.222 10 53147.56757949 27.413
 28 301.175279 -27.985307    53.737    52.765 10 53182.56758421 24.299
 29 301.170821 -27.980023    43.147    43.133 14 53217.56760720 47.069
 30 301.170943 -27.979259    42.155    41.988 13 53252.56758493 19.825
 31 301.165946 -27.964909    41.538    41.448 13 53287.56758105 24.936
 32 301.176211 -27.990268    56.080    54.389  7 53322.56756162 27.270
 34 301.169537 -27.972367    42.959    42.992 10 53392.56753925 28.117
 35 301.175486 -27.987031    42.531    42.534 10 53427.56753695 25.808
 36 301.172275 -27.980025    54.074    57.123 13 53462.56755225 17.269
 37 301.167601 -27.964669    45.971    43.277 12 53497.56762228 22.585
 38 301.173011 -27.992532    53.109    57.205  7 53532.56760865 39.030
 40 301.175026 -27.983740    41.138    41.131 12 53602.56757247 38.907
 41 301.168972 -27.967209    42.475    42.364 12 53637.56756747 17.468
 42 301.168683 -27.968074    42.848    42.802 12 53672.56758847 22.189
 43 301.175561 -27.997598    43.440    41.943  4 53707.56752545 12.838
 44 301.175571 -27.997787    41.987    41.986  3 53742.56743711 26.758
 45 301.175239 -27.983703    41.965    41.979 11 53777.56746017 42.555
 46 301.176148 -27.989537    42.652    42.668  8 53812.56743761 21.024
 47 301.169379 -27.968409    42.782    42.827 11 53847.56748752 26.163
 49 301.167855 -27.964828    41.925    41.966 12 53917.56756871 30.761
 50 301.167253 -27.964042    41.562    41.582 12 53952.56757316 19.776
 52 301.169361 -27.983163    42.924    42.467 12 54022.56755558 22.432
 53 301.176000 -27.990467    43.135    42.413  8 54057.56754927 22.645
 54 301.174112 -27.983315    43.953    42.477 12 54092.56752958 19.509
 55 301.169936 -27.979643    44.167    44.223 13 54127.56746413 33.129
 56 301.171599 -27.978762    45.057    44.859 14 54162.56749814 27.735
 57 301.170013 -27.979554    47.903    45.620 14 54197.56746645 31.044
 58 301.172013 -27.979616    47.512    45.880 13 54232.56751073 22.456
 59 301.172952 -27.979474    43.432    42.938 14 54267.56752966 25.956
 60 301.173071 -27.980650    42.469    42.378 14 54302.56753405 25.043
 61 301.173762 -27.980990    45.462    42.389 14 54337.56752007 23.844
 62 301.171516 -27.979873    44.499    42.213 14 54372.56746693 25.438
 63 301.171874 -27.980095    41.967    42.002 13 54407.56746553 38.617
 64 301.169753 -27.978797    41.932    41.943 14 54442.56742667 44.599
 65 301.173384 -27.979139    42.846    42.427 14 54477.56745419 19.605
 66 301.170034 -27.980358    42.240    42.240 14 54512.56744241 44.289
 67 301.173279 -27.980330    42.728    42.720 14 54547.56746787 46.848
 68 301.172888 -27.980695    43.101    43.126 14 54582.56743754 20.986
 69 301.172500 -27.980802    42.662    42.275 14 54617.56745895 21.218
 70 301.170747 -27.979071    44.921    43.048 14 54652.56747067 22.757
 71 301.173341 -27.979758    42.162    42.154 14 54687.56746074 27.764
 72 301.170434 -27.978830    42.009    41.971 14 54722.56741754 23.296
 73 301.171651 -27.980193    50.503    51.117 13 54757.56743709 18.422
 74 301.169852 -27.971942    42.708    42.684  9 54792.56740959 19.505
 75 301.171809 -27.979707    41.272    41.275 14 54827.56743420 45.900
 76 301.170344 -27.979847    41.421    41.399 14 54862.56740551 30.981
 77 301.171411 -27.980176    42.359    42.367 13 54897.56743479 30.487
 78 301.169617 -27.980205    42.011    42.016 14 54932.56740010 29.107
 79 301.171954 -27.980194    41.168    41.254 13 54967.56743530 28.517
 80 301.170402 -27.974344    41.945    41.908 10 55002.56745457 18.577
 81 301.173278 -27.980686    42.755    42.649 13 55037.56744159 20.283
 82 301.173106 -27.981850    43.185    42.366 12 55072.56742845 19.153
 83 301.170622 -27.973587    43.525    43.576 11 55107.56737329 25.768
 84 301.169259 -27.988770    44.537    44.194  8 55142.56738102 39.243
 85 301.170236 -27.978273    44.741    45.009 14 55177.56734489 27.211
 86 301.172080 -27.978794    44.368    44.313 14 55212.56737393 27.567
 87 301.170786 -27.979607    44.091    44.150 13 55247.56734745 27.591
 88 301.172461 -27.979360    44.861    44.751 14 55282.56736692 24.812
 89 301.171177 -27.979362    44.501    44.492 13 55317.56733614 38.624
 90 301.172792 -27.979560    44.943    43.718 13 55352.56734010 25.006
 91 301.170218 -27.972959    42.032    42.015 10 55387.56733498 31.213
 92 301.173339 -27.979754    46.674    42.436 14 55422.56735737 29.745
 93 301.175069 -27.977665    49.362    49.437 12 55457.56733058 28.548
