#    0.000   0.000   0.000 ;Mean Elev.(m), Avg Gradient(m/km), RMS Gradient(m/km) - SRTM1     
#    0.000   0.000   0.000 ;Mean Elev.(m), Avg Gradient(m/km), RMS Gradient(m/km) - ASTER GDEM
#   44.276  -0.027   1.111 ;Mean Elev.(m), Avg Gradient(m/km), RMS Gradient(m/km) - GMTED2010 
  8 301.152763 -27.509399    44.807    44.654 16 52492.09259748 46.293
 10 301.143268 -27.492110    49.522    45.600 20 52562.09263002 21.448
 12 301.141826 -27.490752    55.059    57.956 19 52632.09258765 23.003
 13 301.137398 -27.489263    47.734    45.463 15 52667.09260817 22.136
 14 301.155741 -27.511697    46.938    46.876 17 52702.09257418 40.521
 15 301.140736 -27.490915    45.682    45.347 18 52737.09262040 26.479
 16 301.139215 -27.491227    46.958    45.404 17 52772.09258900 18.954
 17 301.140393 -27.491307    51.361    50.659 17 52807.09264391 18.371
 18 301.142326 -27.491672    53.550    54.886 19 52842.09270267 17.646
 19 301.139559 -27.490741    44.314    44.307 17 52877.09274136 36.637
 20 301.147674 -27.499662    45.306    44.658 18 52912.09269783 28.321
 21 301.154020 -27.510534    45.604    44.659 17 52947.09265231 23.516
 23 301.137254 -27.490264    45.709    45.767 15 53017.09268940 32.688
 24 301.147512 -27.500127    48.280    46.664 18 53052.09266688 22.299
 25 301.128688 -27.486638    44.210    44.141 11 53087.09270625 21.198
 26 301.140459 -27.489994    49.680    49.368 18 53122.09267543 19.420
 27 301.133861 -27.489213    47.642    45.398 14 53157.09273209 20.367
 28 301.145442 -27.495197    44.714    44.681 21 53192.09272324 45.566
 29 301.142790 -27.492190    45.300    45.226 19 53227.09272490 32.076
 30 301.133022 -27.488175    43.856    43.628 13 53262.09269928 30.288
 31 301.131821 -27.489247    48.790    47.985 12 53297.09273498 19.235
 32 301.140060 -27.490692    46.474    46.491 17 53332.09270637 37.049
 33 301.139604 -27.489781    45.732    45.750 17 53367.09265200 32.863
 35 301.139190 -27.490310    47.922    45.712 16 53437.09266895 20.170
 36 301.137699 -27.489524    55.388    57.487 15 53472.09272143 19.454
 37 301.136551 -27.488875    52.226    52.795 15 53507.09275241 22.269
 38 301.135937 -27.490395    48.045    45.729 14 53542.09275920 21.193
 39 301.135518 -27.489034    44.504    44.528 14 53577.09274659 38.600
 40 301.133938 -27.489470    54.129    56.461 14 53612.09269856 15.063
 41 301.143755 -27.492771    56.211    57.331 21 53647.09270254 20.745
 42 301.132937 -27.488806    46.769    46.877 13 53682.09271915 27.241
 43 301.140988 -27.491067    51.081    51.100 18 53717.09264594 17.967
 44 301.154386 -27.511465    51.470    49.438 17 53752.09256100 18.853
 45 301.143519 -27.492419    49.158    45.279 21 53787.09259505 20.739
 46 301.138476 -27.489999    46.075    46.090 17 53822.09255027 25.677
 47 301.136536 -27.488631    53.948    56.319 15 53857.09264178 16.808
 48 301.147696 -27.499697    45.006    44.974 18 53892.09265230 38.459
 49 301.128449 -27.485980    43.871    43.578 11 53927.09271638 23.748
 50 301.130199 -27.486511    52.223    53.737 12 53962.09270069 17.866
 51 301.151318 -27.506245    44.604    44.499 17 53997.09263981 31.574
 52 301.145108 -27.494948    45.244    45.269 21 54032.09269403 33.594
 53 301.141681 -27.491650    52.707    52.016 19 54067.09268811 18.847
 54 301.136585 -27.488818    46.303    46.201 14 54102.09264931 21.037
 55 301.141835 -27.492533    47.783    47.841 19 54137.09261629 33.501
 56 301.136824 -27.489311    47.559    47.521 15 54172.09262654 32.684
 57 301.140922 -27.491307    45.973    45.856 18 54207.09262135 25.738
 58 301.140362 -27.490933    46.505    46.529 18 54242.09265456 35.837
 59 301.140361 -27.491836    52.548    56.827 17 54277.09266895 19.077
 60 301.141089 -27.491189    44.899    44.834 19 54312.09266930 34.519
 61 301.137855 -27.489974    44.171    44.195 16 54347.09264230 35.026
 62 301.142709 -27.493166    44.409    44.139 19 54382.09260594 27.661
 63 301.138433 -27.491229    44.720    44.633 16 54417.09259105 29.591
 64 301.142772 -27.491593    46.900    45.070 20 54452.09257537 27.910
 65 301.141385 -27.490913    51.209    51.216 19 54487.09258822 19.141
 66 301.143372 -27.493349    49.702    49.792 20 54522.09258815 20.515
 67 301.137833 -27.489820    45.431    45.447 16 54557.09259869 39.394
 68 301.139685 -27.490278    46.052    46.052 17 54592.09258548 41.626
 69 301.138747 -27.489725    56.129    57.756 17 54627.09260110 17.224
 70 301.137633 -27.489032    44.997    44.792 16 54662.09260861 28.734
 71 301.139182 -27.490449    49.088    46.722 17 54697.09258406 19.696
 72 301.141729 -27.491622    44.388    44.377 18 54732.09256489 34.604
 73 301.140389 -27.491302    45.813    45.545 17 54767.09256264 34.453
 74 301.141433 -27.492609    54.233    53.330 18 54802.09255768 17.435
 75 301.139892 -27.491050    43.626    43.594 18 54837.09255552 46.345
 76 301.141629 -27.491231    44.643    44.661 19 54872.09255718 50.129
 77 301.135445 -27.489295    44.859    44.681 14 54907.09256302 19.970
 78 301.140569 -27.491367    53.963    56.798 17 54942.09254987 17.167
 79 301.138425 -27.489398    44.199    43.929 16 54977.09257864 21.851
 80 301.138520 -27.489949    44.430    44.486 17 55012.09258632 28.834
 81 301.140847 -27.491494    45.505    45.400 18 55047.09257791 25.294
 82 301.136816 -27.488456    53.801    54.385 15 55082.09255093 15.367
 83 301.142720 -27.492494    45.717    45.772 20 55117.09250963 39.684
 84 301.137915 -27.488696    46.672    46.550 16 55152.09250793 30.017
 85 301.141158 -27.491345    47.882    47.897 18 55187.09249666 47.464
 86 301.138011 -27.488688    48.295    48.290 16 55222.09250706 36.856
 87 301.141892 -27.490798    47.479    47.356 19 55257.09249225 31.179
 88 301.136830 -27.489755    46.937    46.848 15 55292.09249467 26.309
 89 301.137426 -27.489252    46.721    46.651 15 55327.09247794 25.417
 90 301.138030 -27.489181    45.726    45.731 16 55362.09247375 39.810
 91 301.141268 -27.491151    49.604    48.243 19 55397.09248036 23.273
 92 301.141595 -27.490701    44.860    44.870 19 55432.09248857 35.982
 93 301.137686 -27.489382    46.214    44.947 16 55467.09244837 24.615
