#    0.000   0.000   0.000 ;Mean Elev.(m), Avg Gradient(m/km), RMS Gradient(m/km) - SRTM1     
#    0.000   0.000   0.000 ;Mean Elev.(m), Avg Gradient(m/km), RMS Gradient(m/km) - ASTER GDEM
#    3.286  -1.240   3.356 ;Mean Elev.(m), Avg Gradient(m/km), RMS Gradient(m/km) - GMTED2010 
 11 299.861811 -33.359899    17.150    20.533  3 52603.09945795 29.431
 12 299.869646 -33.364540     5.560     5.560  2 52638.09943024 33.335
 13 299.865563 -33.361063    16.505    19.574  4 52673.09943133  7.431
 14 299.870625 -33.362768     5.156     5.156  2 52708.09943884 23.246
 15 299.860896 -33.359599     6.708     5.645  4 52743.09946962 28.493
 17 299.868926 -33.363312     4.262     4.248  4 52813.09948915 30.667
 19 299.864378 -33.360518     7.022     7.043  4 52883.09957965 21.076
 20 299.867080 -33.362500     3.561     3.530  4 52918.09953590 40.328
 21 299.879412 -33.369618     3.605     3.600  6 52953.09949634 28.480
 23 299.875410 -33.374142     4.793     4.793  2 53023.09949408 22.963
 24 299.880057 -33.372560     9.026     4.097  5 53058.09948864 18.206
 25 299.856576 -33.358670     3.138     3.138  2 53093.09952931 30.336
 26 299.880385 -33.380882     4.510     4.510  2 53128.09949580 27.020
 28 299.869806 -33.364158     4.314     4.176  4 53198.09956533 31.147
 29 299.877600 -33.372587     4.318     4.315  6 53233.09953801 28.255
 30 299.861407 -33.359864    11.978    12.943  3 53268.09950888 26.540
 31 299.861553 -33.359757    16.252    18.722  3 53303.09956609 24.064
 32 299.866264 -33.362106     6.677     4.982  4 53338.09953499 29.000
 33 299.866191 -33.362504     9.396    10.000  3 53373.09946869 24.193
 35 299.863089 -33.359086     4.375     4.375  2 53443.09949332 33.282
 36 299.864042 -33.360647     4.324     4.341  4 53478.09956666 33.560
 37 299.868129 -33.363348     4.444     4.374  4 53513.09957684 24.656
 38 299.860898 -33.359608     6.485     4.390  3 53548.09959605 34.475
 40 299.859602 -33.358699     5.607     3.954  4 53618.09951894 32.810
 41 299.870388 -33.364810     4.099     4.067  5 53653.09953843 26.565
 44 299.881944 -33.373059     4.228     4.317  3 53758.09939818 17.615
 45 299.871784 -33.365588     4.104     3.996  5 53793.09942237 38.396
 46 299.879667 -33.372650     4.309     4.413  3 53828.09939023 24.791
 47 299.867023 -33.362048    10.569     9.608  4 53863.09947683 24.653
 48 299.870330 -33.365155     5.563     4.697  5 53898.09949917 24.931
 49 299.856319 -33.357305     3.615     3.615  2 53933.09954819 45.287
 50 299.859322 -33.357277     3.540     3.540  2 53968.09952081 29.275
 51 299.878421 -33.371246     4.017     4.029  7 54003.09948580 28.457
 54 299.861567 -33.359482    15.935    18.347  3 54108.09946647 25.008
 55 299.870894 -33.365349     4.981     4.955  4 54143.09945355 29.994
 56 299.864167 -33.361259     7.037     5.797  3 54178.09944952 30.971
 58 299.868683 -33.363649     5.305     5.348  3 54248.09948999 24.688
 60 299.869817 -33.364788     4.685     4.685  2 54318.09949622 31.110
 63 299.865980 -33.361694     5.156     3.916  4 54423.09941154 41.041
 65 299.867474 -33.362094    11.838     8.937  3 54493.09941489 22.056
 67 299.864435 -33.360338     7.547     9.186  3 54563.09942282 22.626
 68 299.867327 -33.359202     4.322     4.322  2 54598.09942038 32.722
 69 299.867104 -33.362634     3.874     3.877  4 54633.09943262 28.898
 71 299.866231 -33.360155    13.882    18.611  3 54703.09940395 25.871
 74 299.871864 -33.366906     4.088     4.026  4 54808.09939133 33.060
 75 299.867487 -33.362338    15.043    18.916  3 54843.09938180 22.083
 76 299.868217 -33.362760    14.119    19.124  3 54878.09939527 24.106
 77 299.863158 -33.360118    11.216    10.242  3 54913.09938604 22.698
 78 299.867888 -33.362617    15.308    19.119  3 54948.09938772 19.524
 79 299.866583 -33.362237     8.720     4.002  3 54983.09941371 31.661
 80 299.868816 -33.363225     3.340     3.354  4 55018.09941100 31.768
 81 299.868572 -33.362743     3.857     3.884  4 55053.09940674 29.859
 82 299.863528 -33.360361     9.151     6.715  4 55088.09936994 30.387
 83 299.872601 -33.367342     5.049     5.026  5 55123.09934159 29.593
 84 299.865167 -33.361570    13.867    13.608  4 55158.09932961 25.772
 85 299.872176 -33.367391     5.978     5.893  5 55193.09933156 34.122
 86 299.864718 -33.361322     7.246     6.437  4 55228.09933169 32.516
 87 299.870702 -33.365818     6.867     6.846  5 55263.09932669 24.079
 88 299.865511 -33.360983     5.746     5.704  4 55298.09931529 33.440
 89 299.865630 -33.360974    10.278     5.873  3 55333.09930760 22.002
 90 299.867867 -33.362493     5.180     5.167  4 55368.09929858 33.934
 91 299.872262 -33.367013     4.764     4.763  4 55403.09931279 28.348
 93 299.864816 -33.360448     3.925     3.748  3 55473.09926546 47.260
