#    0.000   0.000   0.000 ;Mean Elev.(m), Avg Gradient(m/km), RMS Gradient(m/km) - SRTM1     
#    0.000   0.000   0.000 ;Mean Elev.(m), Avg Gradient(m/km), RMS Gradient(m/km) - ASTER GDEM
#   57.178  -0.846   3.033 ;Mean Elev.(m), Avg Gradient(m/km), RMS Gradient(m/km) - GMTED2010 
  7 302.735946 -27.451889    54.662    54.551 14 52444.56342115 44.741
  8 302.741630 -27.453631    56.561    54.900 14 52479.56341447 32.444
  9 302.754546 -27.456468    54.713    54.648 15 52514.56336154 29.239
 10 302.739570 -27.453654    54.980    54.973 14 52549.56340650 34.643
 11 302.751944 -27.455372    56.261    55.548 15 52584.56339190 39.542
 12 302.745841 -27.454062    56.980    57.000 14 52619.56337034 43.168
 13 302.751537 -27.456435    55.273    55.286 15 52654.56335609 48.941
 14 302.749137 -27.454977    56.754    56.090 15 52689.56335070 36.703
 15 302.746513 -27.454105    55.628    55.513 15 52724.56339540 39.821
 16 302.737308 -27.453626    56.512    55.449 14 52759.56341420 35.716
 17 302.747307 -27.455647    54.801    54.845 15 52794.56336945 32.096
 18 302.749278 -27.454893    54.413    54.466 15 52829.56343636 28.739
 19 302.752060 -27.456646    54.654    54.683 15 52864.56348112 44.849
 20 302.745891 -27.453873    54.707    54.735 15 52899.56350989 40.783
 21 302.746545 -27.454820    56.101    54.879 14 52934.56345372 31.465
 23 302.740294 -27.453261    55.545    55.589 14 53004.56348762 35.680
 24 302.739282 -27.452454    54.736    54.748 14 53039.56343703 35.478
 25 302.744020 -27.453952    54.600    54.607 14 53074.56346811 46.843
 26 302.737898 -27.450836    54.093    54.048 14 53109.56343713 33.324
 27 302.743316 -27.453448    55.201    55.201 15 53144.56347864 36.307
 28 302.748754 -27.456259    55.359    55.375 15 53179.56349389 47.389
 29 302.744217 -27.454439    55.619    55.651 15 53214.56351538 32.985
 30 302.748569 -27.455323    54.703    54.694 15 53249.56348500 40.663
 31 302.739042 -27.452649    54.675    54.659 14 53284.56348074 30.164
 32 302.750828 -27.456782    57.118    57.123 15 53319.56346971 47.083
 33 302.753546 -27.456869    55.375    55.289 16 53354.56343709 32.758
 34 302.742715 -27.452576    55.815    55.792 14 53389.56344053 39.174
 35 302.752035 -27.457337    55.312    55.253 15 53424.56343972 46.918
 36 302.749345 -27.454036    54.720    54.522 15 53459.56344401 34.540
 37 302.738871 -27.450967    54.683    54.682 14 53494.56352865 31.480
 38 302.752557 -27.455352    54.820    54.634 15 53529.56350462 37.449
 39 302.741685 -27.452527    54.863    54.796 14 53564.56353534 32.114
 40 302.751114 -27.454988    54.552    54.493 15 53599.56347708 31.193
 41 302.739847 -27.453547    55.641    55.645 14 53634.56347361 45.328
 42 302.741014 -27.452718    56.163    56.203 15 53669.56349518 40.848
 43 302.753473 -27.456165    55.074    55.005 15 53704.56343341 44.471
 44 302.755795 -27.457070    55.419    55.393 16 53739.56334344 49.420
 45 302.750844 -27.455526    54.934    54.888 16 53774.56336248 45.070
 46 302.752730 -27.455168    55.761    55.742 15 53809.56334583 46.481
 47 302.742025 -27.453666    55.309    55.240 14 53844.56338738 36.434
 48 302.748491 -27.455873    54.787    54.591 15 53879.56341675 33.587
 49 302.739612 -27.452704    54.588    54.653 14 53914.56347220 29.343
 50 302.738650 -27.452510    54.363    54.383 15 53949.56348312 31.768
 51 302.748088 -27.455531    54.154    54.141 15 53984.56342194 30.952
 52 302.745443 -27.454790    55.117    55.116 15 54019.56345681 39.517
 53 302.754223 -27.457364    55.020    54.933 16 54054.56344825 33.052
 54 302.749940 -27.454503    56.842    55.316 14 54089.56343737 32.995
 55 302.745032 -27.453489    57.414    57.461 14 54124.56336205 41.973
 56 302.745811 -27.454554    57.741    57.806 14 54159.56340385 42.796
 57 302.744464 -27.454519    55.912    55.170 15 54194.56336467 43.481
 58 302.746402 -27.454150    56.939    55.641 15 54229.56341523 33.284
 59 302.746806 -27.454597    55.161    55.139 15 54264.56343386 36.407
 60 302.747888 -27.455474    54.756    54.714 15 54299.56343794 49.215
 61 302.749413 -27.453675    54.590    54.594 15 54334.56342735 50.262
 63 302.747413 -27.454515    55.170    55.113 15 54404.56337185 31.199
 64 302.743067 -27.453833    54.995    54.831 14 54439.56332894 34.617
 65 302.747892 -27.454168    55.407    55.378 15 54474.56335843 44.706
 66 302.744511 -27.454263    54.693    54.683 14 54509.56334225 49.049
 67 302.748405 -27.453421    54.974    55.040 15 54544.56337226 33.638
 68 302.746760 -27.455874    55.697    55.687 15 54579.56334053 43.254
 69 302.747980 -27.455502    54.701    54.662 15 54614.56336280 47.095
 70 302.744815 -27.454348    54.888    54.832 14 54649.56337289 49.367
 71 302.748131 -27.454877    55.104    55.113 14 54684.56336872 40.995
 72 302.745197 -27.454418    54.890    54.898 15 54719.56331703 32.000
 73 302.745950 -27.454600    55.138    55.164 15 54754.56334330 31.912
 74 302.743331 -27.453307    55.642    55.601 14 54789.56331049 36.513
 75 302.746387 -27.454092    54.876    54.911 14 54824.56333814 38.224
 76 302.745316 -27.453822    54.496    54.491 14 54859.56330392 33.498
 77 302.746159 -27.454968    57.006    55.753 15 54894.56334033 31.061
 78 302.743237 -27.453939    57.230    55.259 15 54929.56330239 33.342
 79 302.745996 -27.454879    54.184    54.177 15 54964.56333979 35.963
 80 302.744294 -27.453891    54.818    54.796 14 54999.56336053 49.720
 81 302.746970 -27.453635    56.436    55.335 15 55034.56334627 36.010
 82 302.749158 -27.454101    55.193    55.124 15 55069.56333605 33.524
 83 302.743014 -27.452918    56.722    56.804 15 55104.56327724 41.568
 84 302.746697 -27.456037    56.712    56.773 15 55139.56328401 39.636
 85 302.745030 -27.454018    57.277    57.285 15 55174.56324398 44.631
 86 302.746041 -27.454575    58.034    58.081 14 55209.56327956 40.349
 87 302.743946 -27.454150    57.482    57.488 15 55244.56325100 44.605
 88 302.747092 -27.455704    56.566    56.635 15 55279.56327275 40.765
 89 302.746231 -27.453149    57.778    57.777 15 55314.56323694 42.072
 90 302.748012 -27.454866    55.977    55.752 15 55349.56324432 39.717
 91 302.743829 -27.453222    55.008    54.955 15 55384.56323649 36.372
 92 302.747124 -27.454964    54.698    54.625 15 55419.56326245 42.651
 93 302.749389 -27.454504    56.397    55.138 15 55454.56324083 35.179
 94 302.751433 -27.457264    55.364    55.356 15 55489.56316084 43.350
