#    0.000   0.000   0.000 ;Mean Elev.(m), Avg Gradient(m/km), RMS Gradient(m/km) - SRTM1     
#    0.000   0.000   0.000 ;Mean Elev.(m), Avg Gradient(m/km), RMS Gradient(m/km) - ASTER GDEM
#   45.060  -0.927   2.120 ;Mean Elev.(m), Avg Gradient(m/km), RMS Gradient(m/km) - GMTED2010 
  8 301.165204 -27.557003    44.354    44.316  7 52492.09258813 47.693
 10 301.163869 -27.570902    44.786    44.807 14 52562.09261455 35.841
 12 301.162858 -27.571186    47.123    45.696 14 52632.09257186 31.108
 13 301.159279 -27.572983    44.923    44.935 12 52667.09259174 44.023
 14 301.165183 -27.547812    46.641    46.638  3 52702.09256709 49.034
 15 301.161755 -27.571352    44.962    44.926 13 52737.09260461 34.216
 16 301.160661 -27.573303    44.057    44.067 13 52772.09257288 44.023
 17 301.161857 -27.573383    44.026    44.035 13 52807.09262780 32.374
 18 301.163358 -27.572106    43.779    43.815 14 52842.09268687 26.543
 19 301.161017 -27.572818    43.844    43.855 13 52877.09272524 44.722
 20 301.166119 -27.570248    44.161    44.120 13 52912.09268397 47.971
 21 301.165184 -27.553212    44.318    44.286  5 52947.09264393 34.569
 23 301.158702 -27.572341    45.471    45.532 13 53017.09267328 41.683
 24 301.165540 -27.569071    43.985    43.992 14 53052.09265335 34.397
 25 301.152280 -27.576922    43.937    43.944 10 53087.09268852 45.103
 26 301.161918 -27.572068    44.268    44.213 14 53122.09265931 28.901
 27 301.156176 -27.574573    45.174    45.136 12 53157.09271533 24.109
 28 301.165178 -27.570709    44.296    44.285 13 53192.09270841 49.807
 29 301.163380 -27.570984    44.848    44.864 13 53227.09270943 46.069
 30 301.155754 -27.575177    43.582    43.589 12 53262.09268220 47.422
 31 301.154567 -27.576247    43.673    43.699 11 53297.09271789 23.498
 32 301.161513 -27.572769    46.109    46.116 13 53332.09269026 46.016
 33 301.161047 -27.571860    45.334    45.331 13 53367.09263588 47.605
 35 301.160635 -27.572387    44.349    44.253 12 53437.09265283 39.615
 36 301.159159 -27.571599    44.725    44.492 13 53472.09270532 27.751
 37 301.158432 -27.572593    44.022    44.044 12 53507.09273598 39.300
 38 301.157390 -27.572473    45.154    45.255 12 53542.09274308 27.824
 39 301.157822 -27.574396    44.084    44.090 12 53577.09272983 50.939
 40 301.156240 -27.574830    43.446    43.475 12 53612.09268180 21.137
 41 301.164359 -27.571565    44.188    44.224 13 53647.09268707 23.036
 42 301.155246 -27.574167    46.480    46.481 11 53682.09270239 28.243
 43 301.162005 -27.571504    44.509    44.533 13 53717.09263015 32.505
 44 301.165117 -27.552503    44.712    44.703  4 53752.09255294 15.340
 45 301.164110 -27.571213    44.146    44.170 13 53787.09257958 29.775
 46 301.159912 -27.572078    45.799    45.830 13 53822.09253416 40.740
 47 301.158423 -27.572350    44.655    44.694 12 53857.09262534 30.226
 48 301.166148 -27.570281    44.647    44.640 13 53892.09263844 50.409
 49 301.152050 -27.576264    43.755    43.807 10 53927.09269865 37.612
 50 301.153365 -27.575158    43.674    43.587 10 53962.09268329 19.861
 51 301.165918 -27.562053    44.430    44.462  9 53997.09262885 48.073
 52 301.165281 -27.572102    44.879    44.883 14 54032.09267888 49.666
 53 301.162703 -27.572087    44.825    44.933 14 54067.09267231 37.448
 54 301.158459 -27.572538    45.851    45.901 13 54102.09263287 41.603
 55 301.162438 -27.571327    47.481    47.462 13 54137.09260082 50.230
 56 301.158699 -27.573030    47.201    47.269 12 54172.09261010 41.589
 57 301.161956 -27.571740    45.422    45.384 13 54207.09260555 44.252
 58 301.161388 -27.571367    45.955    45.964 13 54242.09263877 46.136
 59 301.161388 -27.572272    44.767    44.710 14 54277.09265315 35.019
 60 301.162114 -27.571624    44.455    44.408 14 54312.09265350 47.932
 61 301.159727 -27.573693    43.923    43.917 13 54347.09262586 41.775
 62 301.163311 -27.571960    43.770    43.677 13 54382.09259047 45.374
 63 301.159455 -27.571666    44.270    44.288 13 54417.09257525 44.920
 64 301.163806 -27.572028    44.551    44.535 13 54452.09255958 30.698
 65 301.162408 -27.571350    44.550    44.525 14 54487.09257243 31.693
 66 301.163972 -27.572143    44.468    44.409 14 54522.09257267 27.553
 67 301.159709 -27.573539    45.191    45.191 13 54557.09258225 51.198
 68 301.161140 -27.572355    45.781    45.807 13 54592.09256936 47.329
 69 301.160198 -27.571804    44.605    44.716 13 54627.09258498 36.493
 70 301.159517 -27.572751    44.258    44.263 13 54662.09259217 41.606
 71 301.160629 -27.572527    45.147    45.140 13 54697.09256794 39.159
 72 301.162759 -27.572058    44.020    43.930 13 54732.09254909 36.006
 73 301.161843 -27.573382    44.939    44.938 13 54767.09254653 42.327
 74 301.162465 -27.573043    44.408    44.126 13 54802.09254189 35.683
 75 301.160917 -27.571486    43.507    43.313 13 54837.09253972 45.814
 76 301.162662 -27.571668    44.169    44.155 14 54872.09254139 49.366
 77 301.157749 -27.574656    44.302    44.435 12 54907.09254626 43.452
 78 301.161601 -27.571800    43.862    43.857 14 54942.09253407 29.744
 79 301.160308 -27.573118    43.624    43.557 13 54977.09256220 50.108
 80 301.159972 -27.572027    44.028    44.051 13 55012.09257020 44.750
 81 301.161872 -27.571928    45.151    45.150 13 55047.09256211 39.515
 82 301.158691 -27.572176    44.719    44.701 12 55082.09253449 30.043
 83 301.163321 -27.571290    45.408    45.404 14 55117.09249416 43.217
 84 301.159794 -27.572414    46.140    46.165 13 55152.09249150 44.705
 85 301.162191 -27.571779    47.448    47.446 13 55187.09248086 51.945
 86 301.159891 -27.572410    47.927    47.935 13 55222.09249062 48.867
 87 301.162919 -27.571233    46.960    46.972 14 55257.09247646 45.542
 88 301.158706 -27.573473    46.531    46.635 12 55292.09247824 32.351
 89 301.159308 -27.572971    46.304    46.383 12 55327.09246150 41.325
 90 301.159908 -27.572903    45.249    45.286 13 55362.09245731 46.899
 91 301.162298 -27.571584    46.649    44.972 14 55397.09246457 36.352
 92 301.162619 -27.571136    44.522    44.506 14 55432.09247277 45.281
 93 301.159558 -27.573104    44.432    44.422 13 55467.09243193 46.165
