#    0.000   0.000   0.000 ;Mean Elev.(m), Avg Gradient(m/km), RMS Gradient(m/km) - SRTM1     
#    0.000   0.000   0.000 ;Mean Elev.(m), Avg Gradient(m/km), RMS Gradient(m/km) - ASTER GDEM
#    9.637  -0.294   1.401 ;Mean Elev.(m), Avg Gradient(m/km), RMS Gradient(m/km) - GMTED2010 
  7    13.074 52466.57022141 47.12 299.450135 -31.688238 18.997
  7    12.938 52466.57022205 49.50 299.449215 -31.691518 18.997
  7    13.029 52466.57022270 49.88 299.448305 -31.694798 18.997
  7    12.930 52466.57022334 44.93 299.447395 -31.698068 18.997
  7    12.814 52466.57022399 39.38 299.446485 -31.701348 18.997
  7    12.734 52466.57022463 38.51 299.445575 -31.704618 18.997
  7    12.641 52466.57022528 36.04 299.444665 -31.707898 18.997
  8    12.310 52501.57021395 26.67 299.451819 -31.687138 31.442
  8    12.140 52501.57021460 19.57 299.450909 -31.690418 31.442
  8    11.788 52501.57021524 18.34 299.449999 -31.693698 31.442
  8    11.691 52501.57021589 19.15 299.449089 -31.696968 31.442
  8    11.978 52501.57021653 19.33 299.448179 -31.700248 31.442
  8    11.915 52501.57021718 23.94 299.447269 -31.703528 31.442
  9    12.627 52536.57020067 22.48 299.444434 -31.687944 21.900
  9    11.765 52536.57020131 17.32 299.443524 -31.691224 21.900
  9    11.795 52536.57020195 14.86 299.442614 -31.694494 21.900
 10    12.835 52571.57023638 27.71 299.447779 -31.688489 41.615
 10    12.497 52571.57023703 22.46 299.446867 -31.691776 15.739
 10    12.484 52571.57023767 22.18 299.445957 -31.695046 15.739
 10    12.600 52571.57023832 22.89 299.445047 -31.698326 15.739
 10    12.359 52571.57023896 24.12 299.444137 -31.701596 15.739
 10    12.200 52571.57023961 24.83 299.443227 -31.704876 15.739
 11    12.940 52606.57019910 30.87 299.454038 -31.688441  8.113
 11    12.667 52606.57019974 15.11 299.453128 -31.691721  8.113
 11    12.419 52606.57020039 14.14 299.452218 -31.695001  8.113
 11    13.607 52606.57020103 12.78 299.451298 -31.698271  8.113
 12    14.027 52641.57019399 41.05 299.446170 -31.688838 28.193
 12    14.013 52641.57019463 42.64 299.445260 -31.692118 28.193
 12    13.999 52641.57019528 39.35 299.444350 -31.695398 28.193
 12    13.961 52641.57019592 34.55 299.443430 -31.698668 28.193
 12    13.717 52641.57019657 28.41 299.442520 -31.701948 28.193
 13    13.154 52676.57018231 28.35 299.453838 -31.688930 44.298
 13    12.785 52676.57018295 22.13 299.452918 -31.692200 44.298
 13    12.418 52676.57018360 19.75 299.452011 -31.695487 16.620
 13    12.653 52676.57018424 18.08 299.451101 -31.698757 16.620
 13    13.010 52676.57018489 18.46 299.450191 -31.702037 16.620
 13    13.083 52676.57018553 20.84 299.449281 -31.705307 16.620
 13    31.145 52676.57018618 17.41 299.448361 -31.708587 16.620
 14    14.017 52711.57021020 37.39 299.446947 -31.686599 29.701
 14    13.979 52711.57021085 41.77 299.446037 -31.689869 29.701
 14    13.972 52711.57021149 38.98 299.445127 -31.693149 29.701
 14    13.966 52711.57021213 35.11 299.444217 -31.696419 29.701
 14    13.854 52711.57021278 33.91 299.443307 -31.699699 29.701
 14    13.900 52711.57021342 34.15 299.442387 -31.702979 29.701
 15    13.475 52746.57023745 45.14 299.443976 -31.687860 27.084
 15    13.448 52746.57023810 45.27 299.443066 -31.691130 27.084
 15    13.453 52746.57023874 46.35 299.442156 -31.694410 27.084
 15    13.491 52746.57023938 43.00 299.441246 -31.697680 27.084
 15    13.198 52746.57024003 35.74 299.440336 -31.700960 27.084
 15    13.217 52746.57024067 34.37 299.439416 -31.704240 27.084
 15    12.419 52746.57024132 33.40 299.438506 -31.707510 27.084
 16    13.486 52781.57017543 32.70 299.445094 -31.686677 41.709
 16    12.924 52781.57017607 24.29 299.444184 -31.689957 41.709
 16    12.570 52781.57017672 19.88 299.443274 -31.693227 41.709
 16    12.341 52781.57017736 21.27 299.442364 -31.696507 41.709
 16    12.376 52781.57017801 22.21 299.441454 -31.699777 41.709
 17    12.153 52816.57025609 22.18 299.443799 -31.688173 21.401
 17    12.194 52816.57025674 17.61 299.442879 -31.691453 21.401
 17    11.832 52816.57025738 16.84 299.441969 -31.694723 21.401
 17    11.734 52816.57025803 17.86 299.441059 -31.698003 21.401
 17    12.070 52816.57025867 18.77 299.440149 -31.701283 21.401
 18    11.684 52851.57030670 44.17 299.449292 -31.686557 22.899
 18    11.666 52851.57030735 30.86 299.448382 -31.689827 22.899
 18    11.254 52851.57030799 24.18 299.447472 -31.693107 22.899
 18    10.988 52851.57030864 22.00 299.446552 -31.696387 22.899
 18    10.986 52851.57030928 21.45 299.445642 -31.699657 22.899
 18    11.246 52851.57030993 20.20 299.444732 -31.702937 22.899
 18    11.026 52851.57031057 18.93 299.443822 -31.706217 22.899
 19    11.756 52886.57034137 25.87 299.446527 -31.687644 21.655
 19    11.758 52886.57034202 15.65 299.445617 -31.690914 21.655
 20    12.341 52921.57029674 25.61 299.453036 -31.687821 21.934
 20    12.026 52921.57029739 19.67 299.452116 -31.691101 21.934
 20    11.504 52921.57029803 20.79 299.451206 -31.694371 21.934
 20    11.318 52921.57029867 22.07 299.450296 -31.697651 21.934
 20    11.483 52921.57029932 24.55 299.449386 -31.700931 21.934
 20    11.774 52921.57029996 29.49 299.448476 -31.704201 21.934
 20    11.962 52921.57030061 32.11 299.447566 -31.707481 21.934
 21    11.749 52956.57026164 28.76 299.453259 -31.687275 16.235
 21    11.631 52956.57026228 30.21 299.452349 -31.690545 16.235
 21    11.753 52956.57026292 31.35 299.451439 -31.693825 16.235
 21    11.882 52956.57026357 32.83 299.450519 -31.697105 16.235
 21    11.717 52956.57026421 33.07 299.449609 -31.700375 16.235
 21    11.621 52956.57026486 33.77 299.448699 -31.703655 16.235
 21    11.688 52956.57026550 33.35 299.447789 -31.706935 16.235
 22    11.680 52991.57028052 16.80 299.454506 -31.689218 23.937
 22    11.748 52991.57028117 15.42 299.453586 -31.692498 23.937
 22    11.883 52991.57028181 14.00 299.452676 -31.695778 23.937
 22    11.891 52991.57028246 14.24 299.451766 -31.699048 23.937
 23    13.175 53026.57024672 37.87 299.460241 -31.691086 17.432
 23    13.112 53026.57024737 32.67 299.459331 -31.694366 17.432
 23    13.135 53026.57024801 29.65 299.458421 -31.697646 17.432
 23    13.105 53026.57024865 29.79 299.457511 -31.700916 17.432
 23    13.024 53026.57024930 27.89 299.456601 -31.704196 17.432
 23    13.024 53026.57024994 32.89 299.455691 -31.707466 17.432
 23    13.014 53026.57025059 29.77 299.454781 -31.710746 17.432
 24    11.861 53061.57025647 46.22 299.456065 -31.690833 23.140
 24    11.823 53061.57025712 44.90 299.455155 -31.694113 23.140
 24    11.843 53061.57025776 46.54 299.454245 -31.697383 23.140
 24    11.840 53061.57025841 45.23 299.453325 -31.700663 23.140
 24    11.816 53061.57025905 45.45 299.452415 -31.703933 23.140
 24    11.796 53061.57025970 41.75 299.451505 -31.707213 23.140
 24    11.684 53061.57026034 28.38 299.450595 -31.710493 23.140
 25    11.781 53096.57028228 29.34 299.447407 -31.687797 41.600
 25    11.683 53096.57028293 26.87 299.446494 -31.691066 19.882
 25    11.509 53096.57028357 27.13 299.445584 -31.694346 19.882
 25    11.397 53096.57028422 28.14 299.444674 -31.697626 19.882
 25    11.384 53096.57028486 29.13 299.443754 -31.700896 19.882
 25    11.716 53096.57028551 37.36 299.442844 -31.704176 19.882
 26    12.200 53131.57025493 41.12 299.456772 -31.689319 42.998
 26    12.200 53131.57025558 43.57 299.455857 -31.692605 17.973
 26    12.197 53131.57025622 45.24 299.454947 -31.695875 17.973
 26    12.162 53131.57025687 43.87 299.454037 -31.699155 17.973
 26    12.130 53131.57025751 41.51 299.453127 -31.702435 17.973
 26    12.175 53131.57025816 36.07 299.452217 -31.705705 17.973
 26    12.155 53131.57025880 35.10 299.451307 -31.708985 17.973
 28    12.218 53201.57033178 22.42 299.449438 -31.687261 20.997
 28    11.874 53201.57033242 15.68 299.448528 -31.690541 20.997
 28    11.964 53201.57033307 14.35 299.447618 -31.693811 20.997
 28    12.115 53201.57033371 14.23 299.446708 -31.697091 20.997
 29    12.438 53236.57030091 32.61 299.459720 -31.689114 22.622
 29    12.435 53236.57030156 34.02 299.458810 -31.692394 22.622
 29    12.431 53236.57030220 42.22 299.457900 -31.695674 22.622
 29    12.489 53236.57030285 40.73 299.456990 -31.698944 22.622
 29    12.485 53236.57030349 43.90 299.456080 -31.702224 22.622
 29    12.469 53236.57030413 43.49 299.455170 -31.705504 22.622
 29    12.456 53236.57030478 41.84 299.454260 -31.708774 22.622
 29    12.403 53236.57030542 27.48 299.453350 -31.712054 22.622
 30    11.784 53271.57025934 24.72 299.448119 -31.687185 14.136
 30    11.390 53271.57025998 21.20 299.447209 -31.690465 14.136
 30    11.071 53271.57026063 21.19 299.446289 -31.693745 14.136
 30    11.056 53271.57026127 22.43 299.445379 -31.697015 14.136
 30    10.929 53271.57026192 23.82 299.444469 -31.700295 14.136
 30    11.192 53271.57026256 23.91 299.443559 -31.703575 14.136
 31    11.524 53306.57032410 21.82 299.442347 -31.688743 24.182
 31    11.310 53306.57032475 20.26 299.441437 -31.692023 24.182
 31    11.308 53306.57032539 16.30 299.440527 -31.695293 24.182
 31    11.473 53306.57032603 15.60 299.439617 -31.698573 24.182
 31    11.426 53306.57032668 15.88 299.438707 -31.701843 24.182
 32    13.429 53341.57029127 29.68 299.451537 -31.688294 26.450
 32    12.990 53341.57029191 22.63 299.450617 -31.691574 26.450
 32    12.483 53341.57029256 22.15 299.449707 -31.694854 26.450
 32    12.906 53341.57029320 22.11 299.448797 -31.698124 26.450
 32    13.181 53341.57029384 22.43 299.447887 -31.701404 26.450
 32    13.303 53341.57029449 30.32 299.446977 -31.704674 26.450
 33    12.782 53376.57022305 25.73 299.456876 -31.687937 31.429
 33    12.394 53376.57022369 19.26 299.455966 -31.691207 31.429
 33    12.099 53376.57022434 18.93 299.455056 -31.694487 31.429
 33    12.805 53376.57022498 17.09 299.454146 -31.697767 31.429
 33    13.268 53376.57022563 17.60 299.453236 -31.701037 31.429
 33    13.065 53376.57022627 22.83 299.452326 -31.704317 31.429
 33    13.094 53376.57022691 27.31 299.451416 -31.707597 31.429
 33    13.655 53376.57022756 25.62 299.450500 -31.710865 17.918
 34    13.521 53411.57026622 32.32 299.453990 -31.687352 25.393
 34    12.971 53411.57026687 22.65 299.453080 -31.690632 25.393
 34    12.054 53411.57026751 20.40 299.452160 -31.693902 25.393
 34    12.703 53411.57026816 19.67 299.451250 -31.697182 25.393
 34    13.305 53411.57026880 20.42 299.450340 -31.700462 25.393
 34    13.287 53411.57026944 21.86 299.449430 -31.703732 25.393
 34    13.544 53411.57027009 28.59 299.448520 -31.707012 25.393
 35    12.809 53446.57024934 33.22 299.444992 -31.688606 30.552
 35    12.356 53446.57024998 30.85 299.444082 -31.691876 30.552
 35    11.984 53446.57025063 29.44 299.443172 -31.695156 30.552
 35    11.692 53446.57025127 28.35 299.442262 -31.698426 30.552
 35    11.480 53446.57025192 26.52 299.441342 -31.701706 30.552
 36    12.786 53481.57033425 43.74 299.442141 -31.687586 29.613
 36    12.739 53481.57033490 38.43 299.441231 -31.690856 29.613
 36    12.697 53481.57033554 33.68 299.440321 -31.694136 29.613
 36    12.323 53481.57033619 29.72 299.439411 -31.697406 29.613
 36    12.267 53481.57033683 29.47 299.438491 -31.700686 29.613
 36    12.571 53481.57033747 28.99 299.437581 -31.703966 29.613
 36    12.466 53481.57033812 27.23 299.436671 -31.707236 29.613
 37    12.250 53516.57033735 20.57 299.451516 -31.688693 23.175
 37    12.032 53516.57033800 18.68 299.450606 -31.691973 23.175
 37    11.759 53516.57033864 17.63 299.449696 -31.695243 23.175
 37    11.951 53516.57033929 17.57 299.448786 -31.698523 23.175
 37    12.164 53516.57033993 17.31 299.447876 -31.701793 23.175
 38    12.900 53551.57035834 49.74 299.445091 -31.688495 32.170
 38    12.901 53551.57035898 47.46 299.444181 -31.691765 32.170
 38    12.767 53551.57035963 46.53 299.443271 -31.695045 32.170
 38    12.603 53551.57036027 41.04 299.442361 -31.698315 32.170
 38    12.341 53551.57036092 39.93 299.441451 -31.701595 32.170
 38    12.586 53551.57036156 38.64 299.440541 -31.704875 32.170
 39    11.831 53586.57031350 43.52 299.455517 -31.688083 30.235
 39    11.856 53586.57031414 44.54 299.454597 -31.691353 30.235
 39    11.841 53586.57031479 47.91 299.453687 -31.694633 30.235
 39    11.848 53586.57031543 48.56 299.452777 -31.697913 30.235
 39    11.816 53586.57031608 46.70 299.451867 -31.701183 30.235
 39    11.854 53586.57031672 46.82 299.450957 -31.704463 30.235
 39    11.850 53586.57031737 47.30 299.450047 -31.707733 30.235
 40    11.098 53621.57027742 18.49 299.439397 -31.689505 34.725
 40    10.844 53621.57027806 17.98 299.438487 -31.692775 34.725
 40    10.762 53621.57027871 17.97 299.437575 -31.696060 25.944
 40     9.534 53621.57027935 20.50 299.436655 -31.699330 25.944
 41    12.078 53656.57030549 18.91 299.446806 -31.688498 21.348
 41    15.866 53656.57030614 15.59 299.445896 -31.691768 21.348
 41    15.753 53656.57030678 13.48 299.444986 -31.695048 21.348
 42    13.360 53691.57029312 51.13 299.449724 -31.688903 35.282
 42    13.386 53691.57029377 50.11 299.448814 -31.692183 35.282
 42    13.256 53691.57029441 51.53 299.447894 -31.695463 35.282
 42    13.230 53691.57029506 53.39 299.446984 -31.698733 35.282
 42    13.185 53691.57029570 49.98 299.446074 -31.702013 35.282
 42    13.169 53691.57029635 45.44 299.445164 -31.705283 35.282
 42    13.169 53691.57029699 35.77 299.444254 -31.708563 35.282
 43    12.371 53726.57021653 19.22 299.457423 -31.688751 23.776
 43    12.240 53726.57021718 22.33 299.456513 -31.692031 23.776
 43    11.805 53726.57021782 18.49 299.455603 -31.695311 23.776
 43    11.744 53726.57021847 16.10 299.454683 -31.698591 23.776
 43    12.119 53726.57021911 15.87 299.453773 -31.701861 23.776
 43    12.122 53726.57021976 28.94 299.452863 -31.705141 23.776
 43    13.370 53726.57022040 24.15 299.451953 -31.708411 23.776
 44    12.309 53761.57016797 37.84 299.454624 -31.689460 37.778
 44    12.266 53761.57016862 35.78 299.453714 -31.692730 37.778
 44    12.289 53761.57016926 40.83 299.452804 -31.696010 37.778
 44    12.288 53761.57016991 41.01 299.451894 -31.699280 37.778
 44    12.277 53761.57017055 41.75 299.450974 -31.702560 37.778
 44    12.265 53761.57017119 38.56 299.450064 -31.705840 37.778
 44    12.284 53761.57017184 36.67 299.449154 -31.709110 37.778
 45    11.887 53796.57018139 46.08 299.456977 -31.687987 34.960
 45    11.877 53796.57018203 49.37 299.456067 -31.691267 34.960
 45    11.862 53796.57018268 45.49 299.455157 -31.694537 34.960
 45    11.825 53796.57018332 47.49 299.454247 -31.697817 34.960
 45    11.741 53796.57018397 49.54 299.453337 -31.701097 34.960
 45    11.726 53796.57018461 47.90 299.452427 -31.704367 34.960
 45    11.729 53796.57018526 50.33 299.451517 -31.707647 34.960
 45    11.729 53796.57018590 40.71 299.450607 -31.710927 34.960
 47    12.451 53866.57023911 49.45 299.446731 -31.686944 26.556
 47    12.442 53866.57023975 47.86 299.445821 -31.690224 26.556
 47    12.420 53866.57024040 47.92 299.444911 -31.693504 26.556
 47    12.365 53866.57024104 47.97 299.444001 -31.696774 26.556
 47    12.328 53866.57024169 46.39 299.443091 -31.700054 26.556
 47    12.160 53866.57024233 38.81 299.442171 -31.703334 26.556
 47    11.944 53866.57024298 36.57 299.441261 -31.706604 26.556
 48    12.074 53901.57026776 21.35 299.449867 -31.686626 35.991
 48    11.704 53901.57026841 17.20 299.448957 -31.689896 35.991
 48    11.900 53901.57026905 14.78 299.448047 -31.693176 35.991
 48    11.893 53901.57026970 14.33 299.447137 -31.696456 35.991
 48    14.479 53901.57027034 13.56 299.446217 -31.699726 35.991
 48    15.707 53901.57027099 13.77 299.445307 -31.703006 35.991
 49    11.650 53936.57030809 23.32 299.439943 -31.689067 24.616
 49    11.483 53936.57030873 18.00 299.439033 -31.692347 24.616
 49    11.375 53936.57030938 16.79 299.438123 -31.695617 24.616
 49    11.261 53936.57031002 16.49 299.437203 -31.698897 24.616
 49    11.080 53936.57031067 17.48 299.436293 -31.702167 24.616
 49    11.145 53936.57031131 18.70 299.435383 -31.705447 24.616
 50    11.758 53971.57027374 38.49 299.448656 -31.687423 23.435
 50    11.408 53971.57027438 21.21 299.447746 -31.690693 23.435
 50    10.874 53971.57027503 23.00 299.446836 -31.693973 23.435
 50    10.738 53971.57027567 24.54 299.445926 -31.697243 23.435
 50    10.690 53971.57027632 26.56 299.445016 -31.700523 23.435
 50    11.129 53971.57027696 23.71 299.444096 -31.703803 23.435
 51    11.596 54006.57025566 19.89 299.449133 -31.687686 22.223
 51    11.318 54006.57025631 15.74 299.448223 -31.690956 22.223
 51    11.468 54006.57025695 13.51 299.447313 -31.694236 22.223
 51    14.738 54006.57025760 12.11 299.446393 -31.697516 22.223
 51    15.490 54006.57025824 12.25 299.445483 -31.700786 22.223
 51    30.229 54006.57025889 12.11 299.444573 -31.704066 22.223
 52    12.165 54041.57028337 36.74 299.452748 -31.688710 26.729
 52    11.832 54041.57028401 22.72 299.451838 -31.691990 26.729
 52    11.527 54041.57028466 21.94 299.450928 -31.695260 26.729
 52    12.128 54041.57028530 22.89 299.450018 -31.698540 26.729
 52    12.107 54041.57028595 27.92 299.449108 -31.701820 26.729
 52    12.137 54041.57028659 32.99 299.448188 -31.705090 26.729
 52    12.191 54041.57028724 38.29 299.447278 -31.708370 26.729
 53    12.401 54076.57027720 23.38 299.452812 -31.687821 20.140
 53    12.038 54076.57027785 18.95 299.451902 -31.691091 20.140
 53    12.003 54076.57027849 19.47 299.450992 -31.694371 20.140
 53    12.071 54076.57027914 21.10 299.450082 -31.697641 20.140
 53    12.134 54076.57027978 19.79 299.449162 -31.700921 20.140
 53    12.192 54076.57028043 20.10 299.448252 -31.704201 20.140
 53    25.704 54076.57028107 22.76 299.447342 -31.707471 20.140
 54    12.775 54111.57021784 21.46 299.454726 -31.688320 16.613
 54    11.956 54111.57021848 16.98 299.453816 -31.691600 16.613
 54    12.399 54111.57021912 15.44 299.452906 -31.694870 16.613
 54    12.550 54111.57021977 16.37 299.451996 -31.698150 16.613
 54    12.785 54111.57022041 16.57 299.451086 -31.701430 16.613
 54    12.871 54111.57022106 18.64 299.450176 -31.704700 16.613
 55    13.485 54146.57021890 23.68 299.448459 -31.688654 21.330
 55    13.302 54146.57021954 20.61 299.447549 -31.691924 21.330
 55    12.825 54146.57022019 20.92 299.446639 -31.695204 21.330
 55    14.731 54146.57022083 19.45 299.445719 -31.698484 21.330
 55    14.213 54146.57022147 18.46 299.444809 -31.701754 21.330
 55    14.829 54146.57022212 18.38 299.443899 -31.705034 21.330
 56    14.684 54181.57020580 32.01 299.453471 -31.690560 24.894
 56    14.203 54181.57020645 26.47 299.452561 -31.693840 24.894
 56    14.440 54181.57020709 26.07 299.451651 -31.697110 24.894
 56    14.563 54181.57020774 27.69 299.450741 -31.700390 24.894
 56    14.827 54181.57020838 34.15 299.449821 -31.703660 24.894
 56    14.765 54181.57020903 39.26 299.448911 -31.706940 24.894
 56    14.757 54181.57020967 37.42 299.448001 -31.710220 24.894
 57    13.373 54216.57022646 25.42 299.447910 -31.688579 25.627
 57    12.911 54216.57022711 21.92 299.447000 -31.691859 25.627
 57    12.334 54216.57022775 19.67 299.446090 -31.695129 25.627
 57    12.306 54216.57022840 20.29 299.445170 -31.698409 25.627
 57    12.590 54216.57022904 19.10 299.444260 -31.701689 25.627
 58    13.528 54251.57025259 42.03 299.449745 -31.686805 23.851
 58    13.294 54251.57025323 29.02 299.448835 -31.690085 23.851
 58    13.048 54251.57025388 23.84 299.447925 -31.693355 23.851
 58    12.674 54251.57025452 23.18 299.447015 -31.696635 23.851
 58    13.268 54251.57025517 22.77 299.446095 -31.699915 23.851
 58    13.177 54251.57025581 23.26 299.445185 -31.703185 23.851
 59    12.528 54286.57025913 47.82 299.452768 -31.688882 32.249
 59    12.502 54286.57025978 49.29 299.451858 -31.692152 32.249
 59    12.488 54286.57026042 51.07 299.450938 -31.695432 32.249
 59    12.478 54286.57026107 49.81 299.450028 -31.698712 32.249
 59    12.462 54286.57026171 49.67 299.449118 -31.701982 32.249
 59    12.463 54286.57026235 51.34 299.448208 -31.705262 32.249
 59    12.453 54286.57026300 44.78 299.447298 -31.708542 32.249
 60    12.574 54321.57025603 18.52 299.452164 -31.689741 15.993
 60    12.077 54321.57025667 16.97 299.451254 -31.693021 15.993
 60    12.485 54321.57025732 15.31 299.450334 -31.696291 15.993
 60    31.302 54321.57025925 18.89 299.447604 -31.706121 15.993
 61    12.176 54356.57021558 26.63 299.455719 -31.688212 14.516
 61    11.428 54356.57021623 26.87 299.454809 -31.691482 14.516
 61    11.452 54356.57021687 27.27 299.453899 -31.694762 14.516
 61    11.489 54356.57021752 28.08 299.452989 -31.698032 14.516
 61    11.503 54356.57021816 27.40 299.452079 -31.701312 14.516
 61    12.211 54356.57021881 26.00 299.451169 -31.704592 14.516
 61    12.269 54356.57021945 24.70 299.450249 -31.707872 14.516
 62    11.387 54391.57019683 19.68 299.451061 -31.689312 21.000
 62    11.503 54391.57019747 19.71 299.450151 -31.692582 21.000
 62    11.520 54391.57019812 18.72 299.449241 -31.695862 21.000
 62    11.439 54391.57019876 20.98 299.448331 -31.699142 21.000
 62    11.485 54391.57019941 27.69 299.447421 -31.702412 21.000
 63    11.497 54426.57016627 17.41 299.452977 -31.689459 16.331
 63    11.978 54426.57016691 15.38 299.452067 -31.692739 16.331
 63    11.755 54426.57016756 15.62 299.451157 -31.696009 16.331
 63    15.539 54426.57016820 14.43 299.450247 -31.699289 16.331
 64    12.183 54461.57017370 42.04 299.449991 -31.688173 28.774
 64    12.147 54461.57017434 37.86 299.449081 -31.691443 28.774
 64    12.152 54461.57017499 43.00 299.448171 -31.694723 28.774
 64    12.103 54461.57017563 40.06 299.447261 -31.698003 28.774
 64    12.072 54461.57017628 39.32 299.446351 -31.701273 28.774
 64    12.068 54461.57017692 44.99 299.445431 -31.704553 28.774
 64    11.940 54461.57017757 36.99 299.444521 -31.707833 28.774
 65    11.986 54496.57017363 37.30 299.453356 -31.689834 28.837
 65    12.164 54496.57017428 37.56 299.452436 -31.693114 28.837
 65    12.173 54496.57017492 41.99 299.451526 -31.696384 28.837
 65    12.246 54496.57017557 36.43 299.450616 -31.699664 28.837
 65    12.224 54496.57017621 33.27 299.449706 -31.702944 28.837
 65    12.266 54496.57017686 38.69 299.448796 -31.706214 28.837
 65    12.220 54496.57017750 36.49 299.447886 -31.709494 28.837
 66    12.266 54531.57018689 15.36 299.451422 -31.689710 29.233
 66    12.007 54531.57018753 15.58 299.450512 -31.692990 29.233
 66    12.009 54531.57018818 14.83 299.449602 -31.696270 29.233
 66    12.012 54531.57018882 15.88 299.448682 -31.699540 29.233
 66    12.216 54531.57018947 16.35 299.447772 -31.702820 29.233
 67    12.358 54566.57017831 46.59 299.454870 -31.688957 37.582
 67    12.421 54566.57017896 36.12 299.453960 -31.692227 37.582
 67    12.436 54566.57017960 37.64 299.453050 -31.695507 37.582
 67    12.442 54566.57018025 40.13 299.452140 -31.698787 37.582
 67    12.309 54566.57018089 38.62 299.451230 -31.702057 37.582
 67    12.384 54566.57018154 45.25 299.450320 -31.705337 37.582
 67    12.412 54566.57018218 48.00 299.449410 -31.708617 37.582
 68    12.489 54601.57018207 24.46 299.449985 -31.688583 32.758
 68    12.374 54601.57018272 20.33 299.449075 -31.691853 32.758
 68    12.011 54601.57018336 21.38 299.448165 -31.695133 32.758
 68    12.332 54601.57018400 22.67 299.447255 -31.698413 32.758
 68    12.334 54601.57018465 25.97 299.446335 -31.701683 32.758
 68    12.352 54601.57018529 27.12 299.445425 -31.704963 32.758
 68    12.170 54601.57018594 28.21 299.444515 -31.708233 32.758
 69    11.285 54636.57019393 21.02 299.449926 -31.688042 31.581
 69     5.090 54636.57019458 18.61 299.449016 -31.691312 31.581
 69    11.541 54636.57019522 13.92 299.448106 -31.694592 31.581
 69    11.677 54636.57019587 14.24 299.447196 -31.697872 31.581
 69    15.895 54636.57019651 12.86 299.446276 -31.701142 31.581
 69    17.268 54636.57019716 12.40 299.445366 -31.704422 31.581
 70    11.438 54671.57019743 18.38 299.450473 -31.689337 27.275
 70    11.446 54671.57019808 15.18 299.449563 -31.692617 27.275
 70    11.453 54671.57019872 13.74 299.448653 -31.695887 27.275
 70    15.374 54671.57019937 12.92 299.447743 -31.699167 27.275
 70    15.866 54671.57020001 13.03 299.446833 -31.702447 27.275
 70    25.097 54671.57020066 12.49 299.445913 -31.705717 27.275
 71    12.218 54706.57015810 19.38 299.454379 -31.690583 24.879
 71    11.293 54706.57015874 16.31 299.453469 -31.693853 24.879
 71    11.862 54706.57015939 16.17 299.452559 -31.697133 24.879
 71    12.137 54706.57016003 14.91 299.451649 -31.700413 24.879
 71    14.541 54706.57016067 13.81 299.450739 -31.703683 24.879
 71    16.172 54706.57016132 13.25 299.449829 -31.706963 24.879
 71    16.168 54706.57016196 14.07 299.448919 -31.710243 24.879
 72    11.103 54741.57016247 16.53 299.449536 -31.689188 30.513
 72    16.295 54741.57016311 13.78 299.448626 -31.692468 30.513
 72    15.674 54741.57016376 13.79 299.447716 -31.695748 30.513
 72    15.433 54741.57016440 14.40 299.446796 -31.699018 30.513
 72    15.339 54741.57016505 14.71 299.445886 -31.702298 30.513
 73    12.640 54776.57013939 23.32 299.453904 -31.688803 29.854
 73    11.564 54776.57014003 22.41 299.452994 -31.692083 29.854
 73    11.785 54776.57014068 15.99 299.452084 -31.695363 29.854
 73    12.382 54776.57014132 14.54 299.451174 -31.698633 29.854
 73    12.441 54776.57014197 14.88 299.450264 -31.701913 29.854
 73    12.721 54776.57014261 16.46 299.449354 -31.705193 29.854
 73    15.897 54776.57014326 17.00 299.448434 -31.708463 29.854
 74    12.069 54811.57015494 21.82 299.448760 -31.687300 16.605
 74    11.775 54811.57015558 18.64 299.447840 -31.690580 16.605
 74    11.871 54811.57015622 14.48 299.446930 -31.693850 16.605
 74    11.972 54811.57015687 13.65 299.446020 -31.697130 16.605
 74    14.821 54811.57015751 13.48 299.445110 -31.700410 16.605
 74    15.200 54811.57015816 13.61 299.444200 -31.703680 16.605
 75    10.892 54846.57013904 23.34 299.453287 -31.687117 28.373
 75    10.870 54846.57013969 22.39 299.452377 -31.690397 28.373
 75    10.926 54846.57014033 22.10 299.451467 -31.693677 28.373
 75    11.072 54846.57014098 21.79 299.450557 -31.696947 28.373
 75    11.078 54846.57014162 20.87 299.449647 -31.700227 28.373
 75    10.974 54846.57014227 22.20 299.448737 -31.703507 28.373
 75    10.857 54846.57014291 22.40 299.447817 -31.706777 28.373
 76    11.677 54881.57015933 25.01 299.448299 -31.689347 34.212
 76    11.286 54881.57015998 20.87 299.447389 -31.692627 34.212
 76    10.932 54881.57016062 22.54 299.446469 -31.695897 34.212
 76    11.077 54881.57016127 21.64 299.445559 -31.699177 34.212
 76    11.466 54881.57016191 21.61 299.444649 -31.702447 34.212
 76    11.652 54881.57016256 24.66 299.443742 -31.705733 22.925
 77    11.913 54916.57014223 45.21 299.451952 -31.689877 34.537
 77    11.907 54916.57014288 44.83 299.451042 -31.693157 34.537
 77    11.870 54916.57014352 44.60 299.450132 -31.696437 34.537
 77    11.859 54916.57014417 47.25 299.449222 -31.699707 34.537
 77    11.840 54916.57014481 48.48 299.448312 -31.702987 34.537
 77    11.828 54916.57014546 46.78 299.447402 -31.706267 34.537
 77    11.845 54916.57014610 37.88 299.446492 -31.709537 34.537
 78    11.438 54951.57015157 34.29 299.449130 -31.688112 26.421
 78    11.342 54951.57015221 27.91 299.448220 -31.691392 26.421
 78    11.271 54951.57015286 26.09 299.447310 -31.694662 26.421
 78    11.268 54951.57015350 25.30 299.446400 -31.697942 26.421
 78    11.207 54951.57015415 24.35 299.445480 -31.701222 26.421
 78    11.179 54951.57015479 23.34 299.444570 -31.704492 26.421
 79    11.508 54986.57017643 26.32 299.448453 -31.686141 25.976
 79    11.093 54986.57017707 17.85 299.447543 -31.689411 25.976
 79    10.795 54986.57017772 18.53 299.446633 -31.692691 25.976
 79    11.185 54986.57017836 14.95 299.445723 -31.695961 25.976
 79    11.177 54986.57017901 15.47 299.444803 -31.699241 25.976
 79    11.193 54986.57017965 15.53 299.443893 -31.702521 25.976
 80    11.735 55021.57016919 42.74 299.453435 -31.687926 38.770
 80    11.423 55021.57016984 30.19 299.452525 -31.691206 38.770
 80    11.605 55021.57017048 31.56 299.451615 -31.694476 38.770
 80    11.705 55021.57017113 40.71 299.450705 -31.697756 38.770
 80    11.670 55021.57017177 37.60 299.449795 -31.701036 38.770
 80    11.595 55021.57017242 34.19 299.448875 -31.704306 38.770
 80    11.587 55021.57017306 28.06 299.447965 -31.707586 38.770
 81    12.283 55056.57016571 27.53 299.452756 -31.688561 26.257
 81    12.096 55056.57016636 26.99 299.451846 -31.691831 26.257
 81    12.187 55056.57016700 26.52 299.450936 -31.695111 26.257
 81    12.291 55056.57016765 27.41 299.450026 -31.698381 26.257
 81    12.295 55056.57016829 27.75 299.449116 -31.701661 26.257
 81    12.378 55056.57016894 27.01 299.448206 -31.704941 26.257
 81    25.460 55056.57016958 26.35 299.447286 -31.708211 26.257
 82    16.727 55091.57012387 22.91 299.452971 -31.690184 20.141
 82    16.898 55091.57012452 19.04 299.452051 -31.693454 20.141
 82    16.455 55091.57012516 17.38 299.451141 -31.696734 20.141
 83    12.813 55126.57010566 37.53 299.450685 -31.688224 33.519
 83    12.748 55126.57010631 38.15 299.449775 -31.691504 33.519
 83    12.884 55126.57010695 39.56 299.448865 -31.694784 33.519
 83    12.824 55126.57010760 38.19 299.447945 -31.698054 33.519
 83    12.876 55126.57010824 37.80 299.447035 -31.701334 33.519
 83    12.646 55126.57010889 33.97 299.446125 -31.704614 33.519
 83    12.636 55126.57010953 33.47 299.445218 -31.707890 31.541
 84    14.121 55161.57008443 30.82 299.452392 -31.687648 25.910
 84    13.734 55161.57008507 24.15 299.451472 -31.690918 25.910
 84    13.032 55161.57008572 22.28 299.450562 -31.694198 25.910
 84    13.278 55161.57008636 21.53 299.449652 -31.697478 25.910
 84    13.653 55161.57008701 20.47 299.448742 -31.700748 25.910
 84    13.698 55161.57008765 22.65 299.447832 -31.704028 25.910
 84    25.875 55161.57008829 25.51 299.446922 -31.707308 25.910
 85    14.437 55196.57009638 30.81 299.448313 -31.688788 38.758
 85    13.980 55196.57009702 24.18 299.447403 -31.692068 38.758
 85    13.511 55196.57009766 22.20 299.446483 -31.695348 38.758
 85    13.063 55196.57009831 21.41 299.445573 -31.698618 38.758
 85    13.723 55196.57009895 22.40 299.444663 -31.701898 38.758
 86    15.079 55231.57008858 33.17 299.452776 -31.688445 22.893
 86    14.675 55231.57008922 27.83 299.451866 -31.691725 22.893
 86    14.187 55231.57008987 24.28 299.450956 -31.695005 22.893
 86    14.324 55231.57009051 23.35 299.450046 -31.698275 22.893
 86    14.703 55231.57009116 22.71 299.449136 -31.701555 22.893
 86    14.739 55231.57009180 22.57 299.448226 -31.704835 22.893
 87    14.406 55266.57009112 31.01 299.450580 -31.689587 42.110
 87    13.909 55266.57009176 30.25 299.449670 -31.692867 42.110
 87    13.471 55266.57009241 25.59 299.448760 -31.696147 42.110
 87    13.912 55266.57009305 23.07 299.447840 -31.699417 42.110
 87    14.237 55266.57009370 23.06 299.446930 -31.702697 42.110
 87    14.527 55266.57009434 23.59 299.446020 -31.705977 42.110
 88    13.692 55301.57006888 23.89 299.455023 -31.690141 22.308
 88    13.241 55301.57006952 19.87 299.454113 -31.693421 22.308
 88    13.207 55301.57007017 20.21 299.453203 -31.696691 22.308
 88    13.690 55301.57007081 21.43 299.452293 -31.699971 22.308
 88    13.856 55301.57007146 22.02 299.451383 -31.703251 22.308
 88    13.855 55301.57007210 21.02 299.450473 -31.706521 22.308
 88    16.274 55301.57007275 16.89 299.449563 -31.709801 22.308
 89    13.675 55336.57006643 27.94 299.451040 -31.689155 27.194
 89    13.466 55336.57006708 26.42 299.450130 -31.692435 27.194
 89    13.518 55336.57006772 28.02 299.449220 -31.695705 27.194
 89    13.544 55336.57006837 28.58 299.448310 -31.698985 27.194
 89    13.597 55336.57006901 30.41 299.447400 -31.702265 27.194
 89    13.672 55336.57006966 31.45 299.446480 -31.705535 27.194
 89    13.682 55336.57007030 29.34 299.445570 -31.708815 27.194
 90    13.004 55371.57005658 20.80 299.452254 -31.689906 21.921
 90    12.628 55371.57005723 18.98 299.451344 -31.693186 21.921
 90    12.510 55371.57005787 16.82 299.450434 -31.696456 21.921
 90    12.829 55371.57005852 16.43 299.449524 -31.699736 21.921
 90    12.934 55371.57005916 15.71 299.448614 -31.703016 21.921
 91    12.525 55406.57007526 41.83 299.451372 -31.688317 34.100
 91    12.256 55406.57007591 30.17 299.450462 -31.691597 34.100
 91    12.059 55406.57007655 32.04 299.449552 -31.694867 34.100
 91    11.715 55406.57007720 28.27 299.448642 -31.698147 34.100
 91    12.156 55406.57007784 25.52 299.447732 -31.701427 34.100
 91    12.380 55406.57007849 31.91 299.446812 -31.704697 34.100
 92    12.930 55441.57007498 25.25 299.453202 -31.687738 20.136
 92    16.174 55441.57007562 21.88 299.452292 -31.691018 20.136
 92    11.392 55441.57007627 23.43 299.451382 -31.694298 20.136
 92    11.644 55441.57007691 23.59 299.450472 -31.697568 20.136
 92    11.766 55441.57007756 22.47 299.449562 -31.700848 20.136
 92    12.001 55441.57007820 26.20 299.448652 -31.704128 20.136
 93    16.836 55476.57001789 18.51 299.455562 -31.689704 19.404
 93    11.933 55476.57001853 17.08 299.454642 -31.692984 19.404
 93    15.423 55476.57001918 15.12 299.453732 -31.696254 19.404
 93    15.666 55476.57001982 13.48 299.452822 -31.699534 19.404
 93    15.755 55476.57002046 15.40 299.451912 -31.702804 19.404
