#    0.000   0.000   0.000 ;Mean Elev.(m), Avg Gradient(m/km), RMS Gradient(m/km) - SRTM1     
#    0.000   0.000   0.000 ;Mean Elev.(m), Avg Gradient(m/km), RMS Gradient(m/km) - ASTER GDEM
#   41.506  -0.305   4.044 ;Mean Elev.(m), Avg Gradient(m/km), RMS Gradient(m/km) - GMTED2010 
  7 301.179167 -27.909501    26.028    26.028  2 52447.56750254 24.915
  8 301.183656 -27.923877    53.811    56.171 10 52482.56749456 30.460
  9 301.186877 -27.940654    50.822    51.309  8 52517.56745359 20.335
 11 301.186686 -27.939320    57.951    54.753  9 52587.56748101 18.137
 12 301.185777 -27.935438    44.347    44.324 13 52622.56744265 28.411
 13 301.185240 -27.937007    46.575    43.141 13 52657.56745333 23.063
 15 301.185070 -27.936241    44.399    43.749 13 52727.56747777 26.995
 16 301.183087 -27.911166    43.273    43.282  6 52762.56748636 46.743
 17 301.186339 -27.937377    48.640    46.099 12 52797.56745659 18.486
 18 301.185747 -27.936802    43.579    42.193 13 52832.56752792 29.450
 20 301.183713 -27.935057    43.303    41.994 14 52902.56758967 23.274
 21 301.185743 -27.936129    45.448    42.212 13 52937.56752865 22.209
 22 301.183803 -27.921393    54.292    58.534  9 52972.56755721 23.024
 23 301.183276 -27.915817    43.972    43.950  8 53007.56756613 28.895
 24 301.182749 -27.915032    47.933    44.168  4 53042.56752157 24.351
 25 301.182648 -27.924362    42.202    41.858 10 53077.56755650 36.592
 26 301.181901 -27.906749    42.150    42.113  5 53112.56752310 17.215
 27 301.183272 -27.918711    42.868    42.903  9 53147.56756950 35.024
 28 301.186933 -27.940989    67.112    67.051  7 53182.56757551 23.902
 29 301.183765 -27.930782    43.532    43.529 12 53217.56759753 51.478
 30 301.183882 -27.930016    43.674    42.184 13 53252.56757526 24.596
 31 301.181486 -27.905823    42.172    42.143  5 53287.56756944 19.541
 34 301.182918 -27.921486    43.505    43.569  9 53392.56752925 37.943
 35 301.187134 -27.942715    42.851    42.849  5 53427.56752825 24.182
 36 301.183930 -27.935708    63.629    65.153 14 53462.56754354 22.439
 37 301.181843 -27.910502    62.998    62.889  5 53497.56761165 20.983
 38 301.188114 -27.935084    46.623    42.528  6 53532.56759737 36.162
 40 301.186674 -27.939425    41.574    41.561  9 53602.56756377 46.557
 41 301.183213 -27.913045    42.614    42.627  4 53637.56755683 16.826
 42 301.183353 -27.912267    43.203    43.153  6 53672.56757751 23.475
 45 301.186892 -27.939387    42.385    42.384  8 53777.56745147 49.236
 47 301.183623 -27.914243    43.493    43.512  6 53847.56747689 36.243
 49 301.182525 -27.909023    42.412    42.371  6 53917.56755775 29.783
 50 301.181919 -27.908236    42.223    42.263  6 53952.56756220 18.478
 52 301.183606 -27.929001    42.696    42.742 11 54022.56754494 26.187
 54 301.186190 -27.937354    56.226    55.680 12 54092.56752055 21.194
 55 301.183752 -27.927121    44.633    44.755 11 54127.56745381 31.918
 56 301.184112 -27.931163    50.717    53.667 13 54162.56748880 30.503
 57 301.183395 -27.928672    51.057    54.759 11 54197.56745646 29.768
 58 301.183235 -27.936940    43.457    43.469 13 54232.56750235 29.024
 59 301.184607 -27.935158    43.287    43.287 13 54267.56752096 31.339
 60 301.185153 -27.934693    42.572    42.565 14 54302.56752503 33.724
 61 301.185412 -27.936672    42.106    42.046 13 54337.56751137 22.366
 62 301.183170 -27.935556    42.177    42.178 13 54372.56745823 32.347
 63 301.183525 -27.935777    43.804    42.402 14 54407.56745683 37.681
 64 301.183569 -27.926272    42.413    42.455 10 54442.56741636 49.185
 65 301.185034 -27.934821    43.973    42.593 13 54477.56744548 22.881
 66 301.183848 -27.927835    42.693    42.720 12 54512.56743210 47.250
 67 301.184928 -27.936014    43.041    43.022 13 54547.56745917 50.415
 68 301.184972 -27.934738    44.494    43.412 14 54582.56742851 23.826
 69 301.184582 -27.934848    46.996    43.291 14 54617.56744993 23.352
 70 301.184125 -27.928190    52.303    56.952 11 54652.56746068 25.419
 71 301.184990 -27.935442    42.587    42.611 13 54687.56745204 27.872
 72 301.183817 -27.927951    42.516    42.443 11 54722.56740755 27.382
 73 301.183303 -27.935876    58.644    63.732 14 54757.56742839 22.557
 74 301.182801 -27.922700    43.200    43.192  9 54792.56739992 23.964
 75 301.183894 -27.933749    41.730    41.727 14 54827.56742517 50.127
 76 301.183726 -27.928965    41.945    41.902 11 54862.56739551 33.511
 77 301.183924 -27.932576    42.917    42.883 14 54897.56742544 39.932
 78 301.183431 -27.927680    42.560    42.560 12 54932.56738979 32.107
 79 301.183607 -27.935877    41.490    41.511 14 54967.56742660 24.209
 80 301.183346 -27.925104    53.980    55.764 10 55002.56744490 22.058
 81 301.184931 -27.936369    42.978    42.990 14 55037.56743288 32.637
 82 301.185187 -27.935890    47.822    42.934 14 55072.56741943 20.414
 83 301.183140 -27.925990    44.016    43.989 10 55107.56736394 39.884
 84 301.183930 -27.932963    50.138    51.588 14 55142.56737007 41.137
 85 301.184050 -27.925750    54.256    57.873 10 55177.56733458 27.992
 86 301.183733 -27.934477    45.060    45.158 13 55212.56736523 29.252
 87 301.183735 -27.930366    44.570    44.765 13 55247.56733778 30.968
 88 301.184111 -27.935041    45.695    44.241 13 55282.56735821 27.968
 89 301.183260 -27.933404    44.767    44.758 13 55317.56732711 40.617
 90 301.184441 -27.935244    46.274    43.510 14 55352.56733140 29.728
 91 301.183168 -27.923719    42.680    42.624 10 55387.56732531 44.772
 92 301.184991 -27.935436    48.453    43.227 13 55422.56734867 20.485
 93 301.185855 -27.936631    50.941    51.866 13 55457.56732253 27.301
