#    0.000   0.000   0.000 ;Mean Elev.(m), Avg Gradient(m/km), RMS Gradient(m/km) - SRTM1     
#    0.000   0.000   0.000 ;Mean Elev.(m), Avg Gradient(m/km), RMS Gradient(m/km) - ASTER GDEM
#  238.489  -0.037   1.805 ;Mean Elev.(m), Avg Gradient(m/km), RMS Gradient(m/km) - GMTED2010 
  7   235.442 52473.55449734 15.86 306.820873 -22.701591 16.890
  7   235.459 52473.55449798 15.42 306.820063 -22.704881 16.890
  7   235.341 52473.55449862 14.49 306.819243 -22.708161 16.890
  7   234.648 52473.55449927 13.80 306.818433 -22.711451 16.890
  7   234.138 52473.55449991 12.57 306.817623 -22.714741 16.890
  7   233.854 52473.55450056 12.31 306.816813 -22.718031 16.890
  7   253.143 52473.55450120 11.45 306.816003 -22.721331 16.890
  8   231.744 52508.55446310 45.28 306.830271 -22.690528 18.410
  8   231.801 52508.55446374 45.38 306.829461 -22.693818 18.410
  8   231.745 52508.55446439 41.13 306.828641 -22.697098 18.410
  8   231.608 52508.55446503 36.45 306.827831 -22.700388 18.410
  8   231.376 52508.55446568 35.17 306.827021 -22.703688 18.410
  8   231.251 52508.55446632 32.69 306.826211 -22.706978 18.410
  8   230.586 52508.55446697 30.43 306.825401 -22.710268 18.410
  8   230.796 52508.55446761 23.13 306.824591 -22.713558 18.410
  9   234.769 52543.55445239 13.81 306.832689 -22.689762  3.885
  9   234.756 52543.55445303 14.56 306.831869 -22.693052  3.885
  9   234.854 52543.55445368 18.86 306.831059 -22.696342  3.885
  9   234.157 52543.55445432 18.49 306.830249 -22.699632  3.885
  9   233.956 52543.55445497 15.33 306.829439 -22.702922  3.885
  9   233.825 52543.55445561 11.30 306.828629 -22.706212  3.885
  9   234.016 52543.55445626 10.12 306.827819 -22.709502  3.885
  9   233.884 52543.55445690  9.59 306.827009 -22.712792  3.885
 10   234.747 52578.55450100 24.05 306.821862 -22.698676  6.073
 10   234.481 52578.55450165 21.33 306.821052 -22.701966  6.073
 10   234.147 52578.55450229 20.75 306.820232 -22.705256  6.073
 10   234.176 52578.55450294 19.09 306.819422 -22.708546  6.073
 10   234.152 52578.55450358 19.37 306.818612 -22.711836  6.073
 10   234.415 52578.55450423 17.94 306.817802 -22.715126  6.073
 10   234.515 52578.55450487 18.09 306.816992 -22.718416  6.073
 10   234.637 52578.55450552 27.54 306.816182 -22.721706  6.073
 11   235.293 52613.55446552 33.58 306.825774 -22.693095 27.385
 11   235.369 52613.55446616 25.73 306.824964 -22.696385 27.385
 11   235.055 52613.55446680 19.33 306.824154 -22.699675 27.385
 11   234.942 52613.55446745 16.45 306.823344 -22.702965 27.385
 11   234.802 52613.55446809 15.06 306.822534 -22.706249  2.979
 11   234.846 52613.55446874 13.53 306.821714 -22.709539  2.979
 11   234.819 52613.55446938 12.82 306.820904 -22.712829  2.979
 11   247.980 52613.55447003 11.88 306.820094 -22.716119  2.979
 12   235.023 52648.55444707 48.36 306.828718 -22.692608 17.632
 12   234.836 52648.55444772 49.12 306.827908 -22.695898 17.632
 12   234.828 52648.55444836 44.64 306.827098 -22.699198 17.632
 12   234.821 52648.55444901 37.63 306.826288 -22.702488 17.632
 12   234.699 52648.55444965 34.99 306.825478 -22.705778 17.632
 12   234.662 52648.55445030 34.16 306.824658 -22.709068 17.632
 12   234.456 52648.55445094 30.98 306.823848 -22.712358 17.632
 12   234.581 52648.55445159 26.13 306.823039 -22.715641  3.767
 13   235.904 52683.55442233 41.43 306.837560 -22.683794 28.993
 13   235.832 52683.55442297 45.74 306.836750 -22.687084 28.993
 13   235.695 52683.55442362 42.00 306.835940 -22.690374 28.993
 13   235.663 52683.55442426 31.85 306.835130 -22.693664 28.993
 13   235.343 52683.55442491 30.00 306.834311 -22.696948  6.978
 13   235.375 52683.55442555 30.52 306.833501 -22.700238  6.978
 13   235.405 52683.55442620 29.64 306.832691 -22.703528  6.978
 13   235.700 52683.55442684 30.94 306.831881 -22.706818  6.978
 13   235.698 52683.55442749 36.87 306.831071 -22.710108  6.978
 15   236.063 52753.55450899 16.25 306.812000 -22.713477  6.774
 15   235.413 52753.55450963 16.32 306.811190 -22.716767  6.774
 15   235.303 52753.55451027 14.98 306.810380 -22.720057  6.774
 15   235.250 52753.55451092 14.61 306.809570 -22.723347  6.774
 15   235.076 52753.55451156 14.70 306.808760 -22.726647  6.774
 15   235.173 52753.55451221 11.86 306.807950 -22.729937  6.774
 16   234.490 52788.55445250 37.41 306.821674 -22.699765 28.780
 16   234.379 52788.55445314 34.41 306.820864 -22.703055 28.780
 16   234.030 52788.55445379 28.12 306.820050 -22.706337  5.272
 16   233.357 52788.55445443 26.96 306.819240 -22.709627  5.272
 16   233.346 52788.55445508 23.18 306.818430 -22.712917  5.272
 16   233.656 52788.55445572 21.41 306.817620 -22.716207  5.272
 16   234.096 52788.55445637 18.75 306.816800 -22.719497  5.272
 16   234.171 52788.55445701 18.20 306.815990 -22.722797  5.272
 17   235.510 52823.55452253 39.89 306.825908 -22.693808 17.302
 17   234.911 52823.55452317 25.50 306.825088 -22.697088 17.302
 17   234.552 52823.55452381 25.96 306.824278 -22.700378 17.302
 17   234.476 52823.55452446 23.81 306.823468 -22.703668 17.302
 17   234.345 52823.55452510 20.69 306.822658 -22.706958 17.302
 17   234.396 52823.55452575 15.63 306.821848 -22.710258 17.302
 17   234.284 52823.55452639 15.64 306.821038 -22.713548 17.302
 17   234.210 52823.55452704 13.91 306.820228 -22.716838 17.302
 18   235.602 52858.55456837 24.90 306.829425 -22.690896 21.463
 18   235.504 52858.55456901 25.59 306.828605 -22.694176 21.463
 18   235.395 52858.55456966 19.33 306.827795 -22.697466 21.463
 18   235.108 52858.55457030 17.01 306.826985 -22.700756 21.463
 18   234.564 52858.55457095 16.50 306.826175 -22.704046 21.463
 18   234.438 52858.55457159 15.26 306.825365 -22.707336 21.463
 18   234.324 52858.55457224 14.23 306.824555 -22.710626 21.463
 18   234.417 52858.55457288 13.59 306.823745 -22.713926 21.463
 19   235.473 52893.55460134 25.97 306.823141 -22.697687 33.927
 19   235.190 52893.55460199 20.44 306.822331 -22.700977 33.927
 19   234.958 52893.55460263 19.46 306.821521 -22.704267 33.927
 19   234.785 52893.55460328 19.12 306.820707 -22.707550  2.964
 19   234.765 52893.55460392 18.22 306.819897 -22.710840  2.964
 19   234.699 52893.55460457 17.91 306.819077 -22.714130  2.964
 19   234.674 52893.55460521 18.32 306.818267 -22.717430  2.964
 19   234.919 52893.55460586 17.04 306.817457 -22.720720  2.964
 20   235.259 52928.55455113 28.14 306.827156 -22.693342 13.779
 20   235.248 52928.55455177 23.88 306.826336 -22.696622 13.779
 20   234.982 52928.55455241 12.78 306.825526 -22.699922 13.779
 20   234.726 52928.55455306 11.27 306.824716 -22.703212 13.779
 20   234.614 52928.55455370 10.71 306.823906 -22.706502 13.779
 20   234.786 52928.55455435  9.96 306.823096 -22.709792 13.779
 20   234.804 52928.55455499  9.55 306.822286 -22.713082 13.779
 20   241.778 52928.55455564  8.58 306.821476 -22.716372 13.779
 21   234.994 52963.55453108 20.23 306.830734 -22.690374  5.072
 21   235.300 52963.55453173 19.41 306.829924 -22.693664  5.072
 21   235.249 52963.55453237 17.96 306.829114 -22.696954  5.072
 21   234.954 52963.55453302 16.15 306.828304 -22.700244  5.072
 21   234.806 52963.55453366 16.17 306.827494 -22.703534  5.072
 21   234.849 52963.55453430 15.01 306.826684 -22.706824  5.072
 21   244.223 52963.55453495 14.33 306.825874 -22.710114  5.072
 21   235.003 52963.55453559 15.11 306.825054 -22.713414  5.072
 22   235.378 52998.55457181 17.42 306.819481 -22.704581 19.629
 22   235.161 52998.55457246 15.76 306.818671 -22.707871 19.629
 22   234.740 52998.55457310 15.48 306.817861 -22.711161 19.629
 22   234.262 52998.55457375 13.80 306.817051 -22.714451 19.629
 22   236.262 52998.55457439 12.53 306.816241 -22.717741 19.629
 23   235.490 53033.55452334 28.15 306.827321 -22.693461 11.966
 23   235.425 53033.55452398 24.07 306.826511 -22.696761 11.966
 23   235.098 53033.55452463 13.71 306.825701 -22.700051 11.966
 23   234.737 53033.55452527 11.57 306.824891 -22.703341 11.966
 23   234.730 53033.55452592 10.54 306.824081 -22.706631 11.966
 23   234.812 53033.55452656 10.08 306.823271 -22.709921 11.966
 23   244.522 53033.55452721  9.11 306.822461 -22.713211 11.966
 23   248.420 53033.55452785  8.63 306.821651 -22.716501 11.966
 24   235.182 53068.55453736 15.77 306.828732 -22.691458  7.112
 24   235.059 53068.55453801 21.55 306.827922 -22.694748  7.112
 24   235.039 53068.55453865 15.05 306.827112 -22.698038  7.112
 24   234.809 53068.55453930  9.59 306.826302 -22.701328  7.112
 24   234.752 53068.55453994  8.14 306.825492 -22.704628  7.112
 24   234.747 53068.55454059  7.74 306.824682 -22.707918  7.112
 24   244.608 53068.55454123  6.89 306.823872 -22.711208  7.112
 24   245.136 53068.55454188  6.83 306.823062 -22.714498  7.112
 25   234.704 53103.55452489 48.22 306.827322 -22.692401 18.451
 25   234.887 53103.55452554 50.45 306.826512 -22.695691 18.451
 25   234.803 53103.55452618 46.81 306.825702 -22.698981 18.451
 25   234.701 53103.55452682 47.22 306.824892 -22.702271 18.451
 25   234.510 53103.55452747 38.26 306.824082 -22.705561 18.451
 25   234.062 53103.55452811 37.06 306.823272 -22.708851 18.451
 25   233.561 53103.55452876 33.51 306.822462 -22.712141 18.451
 25   233.345 53103.55452940 30.46 306.821652 -22.715441 18.451
 26   235.760 53138.55454138 22.71 306.829259 -22.692570  5.484
 26   235.565 53138.55454202 21.29 306.828449 -22.695860  5.484
 26   235.884 53138.55454267 15.84 306.827639 -22.699150  5.484
 26   235.490 53138.55454331 15.17 306.826829 -22.702440  5.484
 26   234.767 53138.55454396 14.28 306.826019 -22.705740  5.484
 26   234.572 53138.55454460 13.59 306.825209 -22.709030  5.484
 26   252.488 53138.55454524 13.52 306.824399 -22.712320  5.484
 26   252.701 53138.55454589 12.80 306.823579 -22.715600  5.484
 27   235.763 53173.55458368 36.81 306.824845 -22.694541  8.379
 27   235.785 53173.55458432 24.75 306.824035 -22.697831  8.379
 27   235.353 53173.55458497 19.42 306.823225 -22.701121  8.379
 27   235.292 53173.55458561 19.56 306.822415 -22.704411  8.379
 27   235.000 53173.55458626 18.78 306.821605 -22.707701  8.379
 27   234.804 53173.55458690 18.93 306.820795 -22.710991  8.379
 27   234.662 53173.55458755 17.77 306.819985 -22.714281  8.379
 27   241.360 53173.55458819 16.37 306.819165 -22.717561  8.379
 27   241.518 53173.55458883 15.32 306.818355 -22.720861  8.379
 28   236.036 53208.55459976 37.07 306.825412 -22.694179 12.606
 28   236.123 53208.55460041 27.59 306.824602 -22.697469 12.606
 28   236.045 53208.55460105 20.89 306.823792 -22.700759 12.606
 28   235.754 53208.55460170 21.31 306.822982 -22.704049 12.606
 28   235.554 53208.55460234 20.98 306.822172 -22.707349 12.606
 28   235.417 53208.55460298 20.66 306.821362 -22.710639 12.606
 28   235.305 53208.55460363 19.68 306.820552 -22.713929 12.606
 28   234.689 53208.55460427 19.26 306.819732 -22.717209 12.606
 29   234.960 53243.55456598 49.23 306.831833 -22.688917 19.723
 29   234.943 53243.55456663 49.81 306.831023 -22.692207 19.723
 29   234.932 53243.55456727 48.47 306.830213 -22.695497 19.723
 29   234.924 53243.55456791 50.85 306.829403 -22.698787 19.723
 29   234.908 53243.55456856 41.01 306.828593 -22.702077 19.723
 29   234.812 53243.55456920 37.02 306.827783 -22.705377 19.723
 29   234.763 53243.55456985 32.62 306.826973 -22.708667 19.723
 29   234.411 53243.55457049 31.79 306.826163 -22.711957 19.723
 30   235.521 53278.55454536 27.96 306.822652 -22.698464 10.324
 30   235.090 53278.55454600 17.45 306.821842 -22.701764 10.324
 30   234.929 53278.55454665 16.01 306.821032 -22.705054 10.324
 30   234.860 53278.55454729 16.19 306.820222 -22.708344 10.324
 30   234.408 53278.55454794 15.83 306.819412 -22.711634 10.324
 30   234.298 53278.55454858 14.65 306.818592 -22.714914 10.324
 30   241.557 53278.55454923 13.59 306.817782 -22.718204 10.324
 30   241.428 53278.55454987 13.20 306.816972 -22.721494 10.324
 31   234.867 53313.55457273 48.36 306.824465 -22.695799 19.486
 31   234.738 53313.55457338 51.62 306.823655 -22.699089 19.486
 31   234.745 53313.55457402 47.97 306.822845 -22.702389 19.486
 31   234.685 53313.55457467 44.42 306.822035 -22.705679 19.486
 31   234.511 53313.55457531 32.96 306.821225 -22.708969 19.486
 31   234.440 53313.55457595 30.69 306.820415 -22.712259 19.486
 31   234.457 53313.55457660 27.71 306.819605 -22.715549 19.486
 31   234.253 53313.55457724 24.37 306.818785 -22.718829 19.486
 32   235.526 53348.55453712 21.80 306.831293 -22.689629  3.335
 32   235.504 53348.55453777 20.46 306.830473 -22.692919  3.335
 32   235.705 53348.55453841 20.31 306.829663 -22.696209  3.335
 32   235.385 53348.55453906 18.57 306.828853 -22.699499  3.335
 32   234.673 53348.55453970 18.49 306.828043 -22.702789  3.335
 32   234.340 53348.55454035 17.44 306.827233 -22.706089  3.335
 32   234.062 53348.55454099 16.34 306.826423 -22.709379  3.335
 32   233.905 53348.55454164 15.81 306.825613 -22.712669  3.335
 33   235.773 53383.55450844 33.77 306.825061 -22.694847 11.781
 33   235.914 53383.55450908 20.56 306.824251 -22.698147 11.781
 33   235.448 53383.55450973 19.08 306.823441 -22.701437 11.781
 33   235.294 53383.55451037 18.63 306.822631 -22.704727 11.781
 33   235.356 53383.55451102 17.96 306.821821 -22.708017 11.781
 33   235.635 53383.55451166 16.66 306.821011 -22.711307 11.781
 33   235.615 53383.55451230 15.75 306.820201 -22.714597 11.781
 33   245.429 53383.55451295 14.88 306.819381 -22.717877 11.781
 34   235.300 53418.55451534 50.13 306.837893 -22.683239 41.251
 34   235.266 53418.55451598 51.55 306.837083 -22.686529 41.251
 34   235.308 53418.55451663 46.93 306.836272 -22.689812 14.725
 34   235.223 53418.55451727 45.80 306.835452 -22.693102 14.725
 34   235.116 53418.55451792 40.30 306.834642 -22.696392 14.725
 34   235.068 53418.55451856 42.46 306.833832 -22.699682 14.725
 34   235.131 53418.55451921 37.25 306.833022 -22.702982 14.725
 34   235.032 53418.55451985 29.68 306.832212 -22.706272 14.725
 34   234.409 53418.55452050 25.74 306.831402 -22.709562 14.725
 35   235.741 53453.55452152 39.81 306.826499 -22.693229  9.274
 35   235.809 53453.55452217 29.59 306.825689 -22.696519  9.274
 35   235.679 53453.55452281 19.98 306.824869 -22.699809  9.274
 35   235.489 53453.55452346 20.49 306.824059 -22.703099  9.274
 35   235.336 53453.55452410 19.33 306.823249 -22.706389  9.274
 35   235.253 53453.55452475 18.24 306.822439 -22.709679  9.274
 35   235.198 53453.55452539 17.96 306.821629 -22.712969  9.274
 35   235.364 53453.55452604 16.94 306.820819 -22.716259  9.274
 36   234.734 53488.55461038 21.87 306.814308 -22.712744 16.173
 36   234.338 53488.55461103 20.23 306.813498 -22.716034 16.173
 36   234.695 53488.55461167 18.32 306.812678 -22.719314 16.173
 36   234.939 53488.55461232 17.89 306.811868 -22.722604 16.173
 36   234.841 53488.55461296 27.73 306.811058 -22.725894 16.173
 37   235.383 53523.55459436 20.92 306.830696 -22.691558  4.496
 37   235.475 53523.55459500 20.71 306.829886 -22.694848  4.496
 37   235.358 53523.55459565 18.45 306.829066 -22.698138  4.496
 37   234.717 53523.55459629 19.31 306.828256 -22.701428  4.496
 37   234.572 53523.55459694 17.22 306.827446 -22.704718  4.496
 37   234.516 53523.55459758 17.30 306.826636 -22.708008  4.496
 37   234.463 53523.55459823 15.56 306.825826 -22.711298  4.496
 37   245.846 53523.55459887 14.42 306.825016 -22.714598  4.496
 38   235.168 53558.55462452 21.46 306.816778 -22.708586 17.505
 38   234.155 53558.55462517 20.20 306.815968 -22.711876 17.505
 38   234.070 53558.55462581 19.03 306.815158 -22.715166 17.505
 38   233.965 53558.55462646 18.39 306.814338 -22.718446 17.505
 38   234.135 53558.55462710 16.87 306.813528 -22.721736 17.505
 38   234.326 53558.55462775 31.52 306.812718 -22.725026 17.505
 39   234.874 53593.55455660 48.44 306.838334 -22.684701 11.597
 39   234.795 53593.55455724 49.51 306.837519 -22.687985 17.055
 39   234.847 53593.55455789 51.07 306.836709 -22.691275 17.055
 39   234.917 53593.55455853 51.75 306.835899 -22.694565 17.055
 39   234.888 53593.55455918 48.01 306.835089 -22.697855 17.055
 39   234.836 53593.55455982 42.90 306.834279 -22.701145 17.055
 39   234.402 53593.55456047 32.92 306.833469 -22.704445 17.055
 39   234.356 53593.55456111 32.30 306.832659 -22.707735 17.055
 40   233.872 53628.55455456 23.16 306.812651 -22.714226 11.194
 40   233.705 53628.55455520 21.85 306.811831 -22.717506 11.194
 40   233.891 53628.55455585 19.68 306.811021 -22.720796 11.194
 40   233.871 53628.55455649 18.60 306.810211 -22.724086 11.194
 40   233.913 53628.55455713 16.59 306.809401 -22.727376 11.194
 41   236.069 53663.55457613 29.22 306.822069 -22.699003 16.304
 41   235.315 53663.55457678 25.60 306.821259 -22.702303 16.304
 41   234.342 53663.55457742 31.48 306.820449 -22.705593 16.304
 41   234.305 53663.55457807 23.53 306.819639 -22.708883 16.304
 41   234.219 53663.55457871 20.47 306.818829 -22.712173 16.304
 41   234.173 53663.55457936 19.82 306.818019 -22.715463 16.304
 41   234.303 53663.55458000 19.39 306.817199 -22.718743 16.304
 41   234.361 53663.55458065 21.36 306.816389 -22.722033 16.304
 42   234.706 53698.55453505 47.98 306.830325 -22.690203 19.354
 42   234.632 53698.55453570 48.50 306.829515 -22.693493 19.354
 42   234.626 53698.55453634 45.94 306.828705 -22.696783 19.354
 42   234.492 53698.55453699 36.63 306.827895 -22.700073 19.354
 42   234.401 53698.55453763 39.23 306.827085 -22.703363 19.354
 42   234.373 53698.55453827 35.70 306.826275 -22.706653 19.354
 42   234.461 53698.55453892 30.95 306.825465 -22.709953 19.354
 42   234.217 53698.55453956 27.02 306.824655 -22.713243 19.354
 43   235.167 53733.55445627 18.50 306.836721 -22.684866  3.087
 43   235.282 53733.55445691 18.36 306.835911 -22.688156  3.087
 43   235.550 53733.55445756 19.98 306.835101 -22.691446  3.087
 43   235.507 53733.55445820 20.15 306.834291 -22.694736  3.087
 43   235.322 53733.55445885 17.27 306.833481 -22.698026  3.087
 43   234.983 53733.55445949 16.98 306.832671 -22.701316  3.087
 43   234.868 53733.55446013 15.63 306.831861 -22.704606  3.087
 43   234.902 53733.55446078 14.96 306.831051 -22.707896  3.087
 43   234.825 53733.55446142 14.64 306.830241 -22.711186  3.087
 44   235.061 53768.55443741 20.12 306.834190 -22.685853 18.026
 44   235.082 53768.55443805 20.31 306.833385 -22.689136  3.715
 44   235.085 53768.55443870 21.19 306.832575 -22.692426  3.715
 44   235.096 53768.55443934 21.47 306.831765 -22.695716  3.715
 44   235.059 53768.55443999 18.53 306.830945 -22.699016  3.715
 44   234.889 53768.55444063 16.23 306.830135 -22.702306  3.715
 44   234.835 53768.55444128 15.11 306.829325 -22.705596  3.715
 44   234.870 53768.55444192 14.15 306.828515 -22.708886  3.715
 44   245.646 53768.55444257 13.40 306.827705 -22.712176  3.715
 45   236.630 53803.55443484 37.30 306.834838 -22.687550 11.779
 45   236.562 53803.55443549 37.42 306.834028 -22.690840 11.779
 45   236.430 53803.55443613 40.36 306.833218 -22.694130 11.779
 45   236.472 53803.55443678 37.15 306.832408 -22.697420 11.779
 45   236.168 53803.55443742 34.03 306.831598 -22.700710 11.779
 45   236.059 53803.55443807 32.54 306.830788 -22.704000 11.779
 45   236.012 53803.55443871 29.95 306.829978 -22.707300 11.779
 45   235.921 53803.55443935 28.95 306.829168 -22.710590 11.779
 46   236.809 53838.55445367 40.53 306.823179 -22.697071 16.268
 46   236.823 53838.55445431 43.76 306.822369 -22.700371 16.268
 46   236.669 53838.55445496 40.09 306.821559 -22.703661 16.268
 46   236.607 53838.55445560 34.54 306.820749 -22.706951 16.268
 46   236.392 53838.55445625 28.72 306.819939 -22.710241 16.268
 46   236.235 53838.55445689 26.94 306.819129 -22.713531 16.268
 46   236.247 53838.55445753 26.21 306.818309 -22.716811 16.268
 46   236.262 53838.55445818 24.96 306.817499 -22.720101 16.268
 47   235.638 53873.55450084 28.21 306.828075 -22.691156  8.504
 47   235.718 53873.55450148 29.25 306.827265 -22.694446  8.504
 47   235.572 53873.55450213 21.61 306.826455 -22.697736  8.504
 47   235.000 53873.55450277 17.89 306.825645 -22.701036  8.504
 47   235.182 53873.55450342 16.73 306.824835 -22.704326  8.504
 47   235.047 53873.55450406 15.42 306.824025 -22.707616  8.504
 47   234.919 53873.55450471 14.75 306.823205 -22.710896  8.504
 47   234.983 53873.55450535 14.37 306.822395 -22.714186  8.504
 47   235.158 53873.55450600 13.68 306.821585 -22.717476  8.504
 48   234.782 53908.55454681 19.98 306.818729 -22.705907  8.208
 48   234.663 53908.55454745 18.46 306.817919 -22.709197  8.208
 48   234.618 53908.55454810 16.52 306.817109 -22.712487  8.208
 48   234.589 53908.55454874 15.32 306.816299 -22.715777  8.208
 48   234.593 53908.55454939 14.60 306.815479 -22.719057  8.208
 48   234.558 53908.55455003 13.60 306.814669 -22.722357  8.208
 49   234.262 53943.55457250 23.51 306.813639 -22.711666  5.777
 49   233.709 53943.55457314 23.02 306.812829 -22.714956  5.777
 49   234.658 53943.55457379 17.92 306.812019 -22.718246  5.777
 49   234.604 53943.55457443 16.14 306.811199 -22.721526  5.777
 49   234.731 53943.55457508 14.61 306.810389 -22.724816  5.777
 49   234.660 53943.55457572 14.03 306.809579 -22.728106  5.777
 50   235.321 53978.55451972 27.31 306.827116 -22.694029  4.274
 50   235.263 53978.55452037 17.99 306.826306 -22.697319  4.274
 50   234.947 53978.55452101 12.05 306.825496 -22.700609  4.274
 50   234.955 53978.55452165 11.02 306.824686 -22.703899  4.274
 50   235.010 53978.55452230 11.38 306.823876 -22.707189  4.274
 50   235.061 53978.55452294 10.90 306.823066 -22.710479  4.274
 50   235.025 53978.55452359 10.35 306.822256 -22.713769  4.274
 50   241.728 53978.55452423 10.64 306.821446 -22.717059  4.274
 51   235.433 54013.55453044 35.17 306.826107 -22.693096  5.957
 51   235.309 54013.55453108 21.04 306.825297 -22.696386  5.957
 51   234.869 54013.55453173 15.33 306.824477 -22.699676  5.957
 51   234.866 54013.55453237 14.09 306.823667 -22.702966  5.957
 51   234.790 54013.55453302 14.74 306.822857 -22.706256  5.957
 51   235.017 54013.55453366 13.56 306.822047 -22.709546  5.957
 51   245.450 54013.55453431 13.40 306.821237 -22.712836  5.957
 51   245.585 54013.55453495 12.43 306.820427 -22.716136  5.957
 51   242.043 54013.55453560 14.40 306.819607 -22.719416  5.957
 52   234.807 54048.55453703 19.57 306.835495 -22.686709 16.140
 52   234.835 54048.55453768 25.76 306.834685 -22.689999 16.140
 52   234.857 54048.55453832 23.73 306.833871 -22.693282  5.932
 52   234.895 54048.55453897 19.62 306.833061 -22.696572  5.932
 52   234.825 54048.55453961 20.86 306.832241 -22.699862  5.932
 52   234.686 54048.55454026 20.28 306.831431 -22.703152  5.932
 52   234.661 54048.55454090 18.64 306.830621 -22.706442  5.932
 52   234.752 54048.55454155 17.12 306.829811 -22.709742  5.932
 54   237.926 54118.55445936 26.71 306.831953 -22.690172 38.120
 54   237.842 54118.55446000 23.24 306.831143 -22.693462 38.120
 54   237.804 54118.55446064 23.26 306.830330 -22.696748  4.228
 54   237.847 54118.55446129 23.07 306.829520 -22.700038  4.228
 54   238.152 54118.55446193 22.54 306.828710 -22.703328  4.228
 54   238.135 54118.55446258 24.95 306.827900 -22.706618  4.228
 54   238.129 54118.55446322 21.66 306.827090 -22.709908  4.228
 54   245.894 54118.55446387 20.73 306.826280 -22.713198  4.228
 55   237.316 54153.55448582 34.81 306.825855 -22.695072 12.090
 55   237.658 54153.55448646 28.91 306.825045 -22.698362 12.090
 55   238.458 54153.55448710 25.35 306.824235 -22.701652 12.090
 55   238.469 54153.55448775 25.60 306.823425 -22.704952 12.090
 55   238.434 54153.55448839 23.24 306.822615 -22.708242 12.090
 55   238.236 54153.55448904 20.76 306.821805 -22.711532 12.090
 55   238.025 54153.55448968 18.88 306.820995 -22.714822 12.090
 55   245.902 54153.55449033 17.27 306.820185 -22.718112 12.090
 56   235.049 54188.55445431 49.68 306.831198 -22.690098 43.193
 56   235.086 54188.55445495 49.76 306.830388 -22.693388 43.193
 56   235.138 54188.55445560 49.69 306.829578 -22.696678 43.193
 56   235.137 54188.55445624 48.02 306.828768 -22.699968 43.193
 56   235.056 54188.55445689 40.92 306.827952 -22.703254  8.719
 56   234.976 54188.55445753 35.93 306.827142 -22.706544  8.719
 56   234.747 54188.55445817 35.78 306.826332 -22.709834  8.719
 56   234.571 54188.55445882 32.38 306.825522 -22.713124  8.719
 57   235.079 54223.55449503 46.66 306.825285 -22.694445 26.872
 57   234.995 54223.55449567 49.35 306.824475 -22.697735 26.872
 57   234.910 54223.55449632 40.25 306.823655 -22.701015 26.872
 57   234.797 54223.55449696 38.22 306.822845 -22.704305 26.872
 57   234.790 54223.55449761 38.18 306.822035 -22.707595 26.872
 57   234.590 54223.55449825 25.85 306.821225 -22.710895 26.872
 57   234.399 54223.55449890 23.76 306.820415 -22.714185 26.872
 57   234.755 54223.55449954 24.93 306.819605 -22.717475 26.872
 58   235.484 54258.55451659 28.17 306.827821 -22.693194 15.050
 58   235.446 54258.55451724 25.68 306.827011 -22.696484 15.050
 58   235.004 54258.55451788 19.56 306.826201 -22.699774 15.050
 58   234.811 54258.55451853 18.78 306.825381 -22.703054 15.050
 58   234.686 54258.55451917 18.73 306.824571 -22.706344 15.050
 58   234.404 54258.55451982 18.53 306.823761 -22.709634 15.050
 58   234.372 54258.55452046 17.66 306.822951 -22.712924 15.050
 58   245.264 54258.55452111 16.58 306.822141 -22.716214 15.050
 59   234.980 54293.55451965 50.70 306.828942 -22.691436 19.564
 59   234.946 54293.55452030 52.14 306.828132 -22.694726 19.564
 59   234.946 54293.55452094 49.20 306.827312 -22.698006 19.564
 59   234.918 54293.55452158 47.74 306.826502 -22.701296 19.564
 59   234.909 54293.55452223 47.23 306.825692 -22.704596 19.564
 59   234.874 54293.55452287 40.39 306.824882 -22.707886 19.564
 59   234.650 54293.55452352 35.01 306.824072 -22.711176 19.564
 59   234.470 54293.55452416 33.30 306.823262 -22.714466 19.564
 60   235.128 54328.55451364 24.21 306.831555 -22.689641  5.602
 60   235.106 54328.55451429 22.93 306.830745 -22.692931  5.602
 60   235.097 54328.55451493 21.71 306.829935 -22.696221  5.602
 60   234.750 54328.55451558 18.76 306.829125 -22.699511  5.602
 60   234.445 54328.55451622 18.01 306.828305 -22.702801  5.602
 60   234.457 54328.55451687 17.46 306.827495 -22.706091  5.602
 60   234.690 54328.55451751 16.12 306.826685 -22.709381  5.602
 60   234.568 54328.55451815 16.12 306.825875 -22.712671  5.602
 61   235.555 54363.55446125 35.72 306.831671 -22.690015  8.806
 61   235.600 54363.55446189 34.40 306.830861 -22.693305  8.806
 61   235.565 54363.55446254 30.52 306.830051 -22.696605  8.806
 61   235.281 54363.55446318 24.63 306.829241 -22.699895  8.806
 61   235.100 54363.55446383 23.37 306.828431 -22.703185  8.806
 61   235.166 54363.55446447 20.75 306.827611 -22.706465  8.806
 61   235.123 54363.55446512 20.87 306.826801 -22.709755  8.806
 61   235.198 54363.55446576 19.47 306.825991 -22.713055  8.806
 62   234.966 54398.55445468 18.07 306.829212 -22.692553  5.819
 62   235.003 54398.55445533 20.12 306.828402 -22.695843  5.819
 62   234.667 54398.55445597 13.65 306.827592 -22.699133  5.819
 62   234.551 54398.55445662 12.68 306.826782 -22.702423  5.819
 62   234.817 54398.55445726 12.04 306.825962 -22.705703  5.819
 62   234.855 54398.55445790 17.25 306.825152 -22.708993  5.819
 62   245.462 54398.55445855 12.40 306.824342 -22.712283  5.819
 62   234.640 54398.55445919 10.32 306.823532 -22.715583  5.819
 63   234.190 54433.55441147 18.17 306.832672 -22.687607  7.935
 63   234.459 54433.55441212 17.84 306.831862 -22.690897  7.935
 63   234.443 54433.55441276 20.39 306.831052 -22.694187  7.935
 63   233.983 54433.55441341 20.52 306.830242 -22.697477  7.935
 63   234.179 54433.55441405 14.26 306.829432 -22.700777  7.935
 63   234.315 54433.55441470 11.44 306.828622 -22.704067  7.935
 63   234.448 54433.55441534 13.07 306.827802 -22.707357  7.935
 63   234.429 54433.55441599 17.12 306.826992 -22.710647  7.935
 63   234.447 54433.55441663 12.04 306.826182 -22.713937  7.935
 64   235.611 54468.55443703 45.40 306.829096 -22.691299 14.440
 64   235.608 54468.55443768 44.15 306.828286 -22.694589 14.440
 64   235.438 54468.55443832 37.25 306.827476 -22.697879 14.440
 64   235.341 54468.55443897 29.35 306.826666 -22.701169 14.440
 64   235.291 54468.55443961 26.31 306.825846 -22.704449 14.440
 64   233.687 54468.55444026 24.94 306.825036 -22.707749 14.440
 64   234.653 54468.55444090 23.24 306.824226 -22.711039 14.440
 64   234.274 54468.55444155 22.64 306.823416 -22.714329 14.440
 66   235.500 54538.55445221 37.48 306.830079 -22.691385 15.409
 66   235.554 54538.55445285 43.68 306.829269 -22.694675 15.409
 66   235.467 54538.55445350 41.80 306.828457 -22.697960 11.573
 66   235.432 54538.55445414 31.09 306.827647 -22.701250 11.573
 66   235.420 54538.55445479 31.08 306.826827 -22.704540 11.573
 66   235.409 54538.55445543 29.78 306.826017 -22.707830 11.573
 66   234.816 54538.55445607 25.80 306.825207 -22.711120 11.573
 66   246.262 54538.55445672 24.54 306.824397 -22.714410 11.573
 67   236.259 54573.55442756 30.78 306.832524 -22.688103 10.763
 67   236.142 54573.55442820 30.98 306.831714 -22.691393 10.763
 67   235.984 54573.55442885 32.70 306.830904 -22.694683 10.763
 67   236.185 54573.55442949 35.30 306.830094 -22.697973 10.763
 67   236.055 54573.55443014 34.02 306.829284 -22.701263 10.763
 67   235.988 54573.55443078 30.64 306.828474 -22.704553 10.763
 67   235.863 54573.55443143 29.20 306.827664 -22.707843 10.763
 67   235.744 54573.55443207 27.76 306.826846 -22.711128  4.051
 67   235.423 54573.55443271 26.09 306.826036 -22.714418  4.051
 68   235.329 54608.55444587 44.29 306.827522 -22.694046 26.492
 68   235.208 54608.55444652 37.83 306.826712 -22.697336 26.492
 68   235.152 54608.55444716 34.35 306.825898 -22.700618  5.943
 68   235.096 54608.55444781 30.67 306.825088 -22.703908  5.943
 68   235.173 54608.55444845 33.79 306.824278 -22.707198  5.943
 68   234.817 54608.55444910 25.76 306.823458 -22.710488  5.943
 68   234.720 54608.55444974 24.30 306.822648 -22.713778  5.943
 68   234.850 54608.55445039 22.71 306.821838 -22.717068  5.943
 69   235.504 54643.55445368 19.91 306.828302 -22.691067 21.891
 69   235.467 54643.55445433 24.82 306.827492 -22.694357 21.891
 69   235.116 54643.55445497 19.78 306.826682 -22.697647 21.891
 69   234.393 54643.55445561 18.72 306.825870 -22.700930  2.959
 69   234.253 54643.55445626 17.65 306.825050 -22.704220  2.959
 69   233.803 54643.55445690 16.91 306.824240 -22.707510  2.959
 69   233.313 54643.55445755 16.21 306.823430 -22.710800  2.959
 69   232.906 54643.55445819 15.34 306.822620 -22.714090  2.959
 69   234.225 54643.55445884 14.20 306.821810 -22.717380  2.959
 70   235.288 54678.55445565 34.03 306.826673 -22.694370 20.311
 70   235.075 54678.55445630 20.27 306.825863 -22.697660 20.311
 70   234.426 54678.55445694 17.15 306.825053 -22.700950 20.311
 70   234.301 54678.55445759 16.40 306.824239 -22.704233  2.523
 70   234.757 54678.55445823 15.31 306.823429 -22.707523  2.523
 70   234.806 54678.55445888 15.62 306.822609 -22.710813  2.523
 70   235.034 54678.55445952 14.57 306.821799 -22.714103  2.523
 70   235.256 54678.55446017 13.60 306.820989 -22.717393  2.523
 71   234.716 54713.55440704 20.12 306.833497 -22.688198 13.691
 71   234.770 54713.55440769 19.08 306.832687 -22.691488 13.691
 71   234.836 54713.55440833 19.47 306.831877 -22.694778 13.691
 71   234.602 54713.55440898 18.45 306.831067 -22.698068 13.691
 71   234.426 54713.55440962 16.88 306.830257 -22.701358 13.691
 71   234.356 54713.55441027 16.18 306.829447 -22.704648 13.691
 71   234.741 54713.55441091 17.33 306.828637 -22.707938 13.691
 71   234.697 54713.55441156 16.30 306.827820 -22.711222  2.301
 72   235.305 54748.55442561 33.31 306.826105 -22.693196  8.241
 72   234.776 54748.55442625 19.47 306.825295 -22.696486  8.241
 72   234.492 54748.55442690 17.39 306.824485 -22.699776  8.241
 72   234.339 54748.55442754 16.37 306.823665 -22.703056  8.241
 72   234.294 54748.55442819 16.72 306.822855 -22.706356  8.241
 72   234.243 54748.55442883 16.02 306.822045 -22.709646  8.241
 72   234.052 54748.55442948 15.20 306.821235 -22.712936  8.241
 72   234.175 54748.55443012 14.60 306.820425 -22.716226  8.241
 72   234.405 54748.55443077 13.88 306.819615 -22.719516  8.241
 73   234.940 54783.55439540 38.43 306.830242 -22.691898 27.047
 73   234.781 54783.55439605 39.76 306.829432 -22.695188 27.047
 73   234.705 54783.55439669 30.71 306.828622 -22.698478 27.047
 73   234.609 54783.55439734 23.54 306.827812 -22.701763  3.404
 73   234.546 54783.55439798 19.38 306.827002 -22.705053  3.404
 73   234.575 54783.55439863 18.49 306.826182 -22.708343  3.404
 73   234.660 54783.55439927 18.09 306.825372 -22.711633  3.404
 73   246.179 54783.55439992 21.27 306.824562 -22.714923  3.404
 74   235.090 54818.55441712 27.34 306.827706 -22.691981 10.852
 74   235.236 54818.55441777 26.71 306.826896 -22.695271 10.852
 74   234.226 54818.55441841 18.02 306.826076 -22.698561 10.852
 74   233.985 54818.55441906 19.04 306.825270 -22.701845  7.149
 74   234.018 54818.55441970 16.21 306.824460 -22.705135  7.149
 74   234.063 54818.55442034 28.36 306.823650 -22.708425  7.149
 74   234.005 54818.55442099 18.14 306.822830 -22.711715  7.149
 74   233.986 54818.55442163 22.07 306.822020 -22.715005  7.149
 75   235.086 54853.55439255 15.63 306.830300 -22.691800  7.962
 75   235.006 54853.55439320 18.57 306.829490 -22.695090  7.962
 75   234.918 54853.55439384 13.32 306.828680 -22.698380  7.962
 75   234.739 54853.55439448 11.44 306.827870 -22.701670  7.962
 75   234.693 54853.55439513 10.62 306.827060 -22.704953  2.201
 75   234.857 54853.55439577 10.45 306.826240 -22.708243  2.201
 75   245.640 54853.55439642  9.90 306.825430 -22.711533  2.201
 75   246.086 54853.55439706  9.35 306.824620 -22.714823  2.201
 76   236.326 54888.55442258 43.23 306.826372 -22.692433 10.866
 76   236.534 54888.55442323 49.69 306.825560 -22.695717 12.725
 76   236.444 54888.55442387 45.33 306.824750 -22.699007 12.725
 76   236.194 54888.55442452 39.02 306.823930 -22.702297 12.725
 76   236.262 54888.55442516 32.91 306.823120 -22.705587 12.725
 76   236.132 54888.55442581 31.94 306.822310 -22.708877 12.725
 76   235.818 54888.55442645 28.01 306.821500 -22.712167 12.725
 76   235.870 54888.55442710 25.38 306.820690 -22.715457 12.725
 76   236.210 54888.55442774 25.08 306.819880 -22.718747 12.725
 77   236.271 54923.55439132 15.87 306.830195 -22.689921  7.951
 77   235.834 54923.55439196 20.11 306.829385 -22.693211  7.951
 77   235.593 54923.55439261 18.77 306.828575 -22.696501  7.951
 77   236.433 54923.55439325 13.81 306.827765 -22.699791  7.951
 77   236.339 54923.55439390 13.48 306.826955 -22.703081  7.951
 77   236.433 54923.55439454 11.79 306.826145 -22.706371  7.951
 77   249.980 54923.55439519 13.07 306.825329 -22.709658  2.412
 77   236.447 54923.55439583 11.19 306.824519 -22.712948  2.412
 77   236.385 54923.55439648 11.87 306.823709 -22.716238  2.412
 78   234.770 54958.55441902 47.49 306.825664 -22.693469 12.144
 78   234.919 54958.55441967 53.46 306.824844 -22.696759 12.144
 78   234.758 54958.55442031 52.30 306.824039 -22.700051 14.564
 78   234.615 54958.55442096 49.08 306.823229 -22.703341 14.564
 78   234.607 54958.55442160 44.07 306.822419 -22.706631 14.564
 78   234.371 54958.55442224 34.55 306.821599 -22.709921 14.564
 78   234.175 54958.55442289 29.23 306.820789 -22.713211 14.564
 78   234.018 54958.55442353 28.85 306.819979 -22.716501 14.564
 78   234.513 54958.55442418 24.02 306.819169 -22.719791 14.564
 79   234.832 54993.55444223 27.86 306.824929 -22.694458 15.122
 79   234.868 54993.55444288 27.07 306.824117 -22.697740 10.343
 79   234.728 54993.55444352 20.07 306.823307 -22.701030 10.343
 79   234.715 54993.55444417 25.11 306.822497 -22.704320 10.343
 79   234.718 54993.55444481 24.51 306.821677 -22.707610 10.343
 79   234.508 54993.55444546 17.58 306.820867 -22.710900 10.343
 79   234.543 54993.55444610 17.61 306.820057 -22.714190 10.343
 79   234.605 54993.55444675 18.18 306.819247 -22.717480 10.343
 79   234.667 54993.55444739 30.64 306.818437 -22.720770 10.343
 80   235.626 55028.55443190 26.64 306.828525 -22.693659 20.187
 80   235.180 55028.55443255 19.57 306.827715 -22.696949 20.187
 80   234.465 55028.55443319 17.90 306.826903 -22.700234  2.918
 80   234.422 55028.55443383 16.79 306.826093 -22.703524  2.918
 80   234.614 55028.55443448 15.73 306.825273 -22.706814  2.918
 80   234.378 55028.55443512 16.48 306.824463 -22.710104  2.918
 80   234.257 55028.55443577 15.10 306.823653 -22.713394  2.918
 80   234.115 55028.55443641 14.35 306.822843 -22.716684  2.918
 81   234.761 55063.55442335 52.42 306.829268 -22.692459 32.213
 81   234.773 55063.55442400 51.06 306.828458 -22.695749 32.213
 81   234.722 55063.55442464 51.01 306.827648 -22.699039 32.213
 81   234.641 55063.55442529 51.09 306.826838 -22.702329 32.213
 81   234.558 55063.55442593 44.97 306.826026 -22.705612 10.042
 81   234.642 55063.55442657 36.44 306.825216 -22.708902 10.042
 81   234.302 55063.55442722 29.99 306.824396 -22.712192 10.042
 81   234.506 55063.55442786 33.23 306.823586 -22.715482 10.042
 82   235.571 55098.55436939 22.14 306.830613 -22.690375 26.149
 82   235.611 55098.55437003 20.50 306.829803 -22.693665 26.149
 82   235.259 55098.55437068 19.61 306.828993 -22.696955 26.149
 82   235.044 55098.55437132 18.49 306.828183 -22.700245 26.149
 82   234.826 55098.55437197 17.63 306.827373 -22.703535 26.149
 82   234.222 55098.55437261 17.15 306.826563 -22.706825 26.149
 82   234.901 55098.55437326 16.81 306.825748 -22.710109  2.253
 82   235.064 55098.55437390 16.17 306.824938 -22.713399  2.253
 83   235.932 55133.55436837 37.83 306.826497 -22.694092 47.275
 83   235.929 55133.55436901 24.87 306.825682 -22.697376  3.581
 83   235.701 55133.55436966 23.37 306.824872 -22.700666  3.581
 83   235.927 55133.55437030 22.04 306.824062 -22.703956  3.581
 83   235.734 55133.55437095 21.14 306.823242 -22.707246  3.581
 83   235.664 55133.55437159 20.56 306.822432 -22.710536  3.581
 83   235.490 55133.55437224 19.84 306.821622 -22.713826  3.581
 83   245.511 55133.55437288 18.80 306.820812 -22.717116  3.581
 84   236.670 55168.55433143 41.93 306.832320 -22.687800 36.992
 84   236.559 55168.55433208 41.19 306.831510 -22.691090 36.992
 84   236.475 55168.55433272 41.58 306.830700 -22.694380 36.992
 84   236.562 55168.55433337 37.03 306.829890 -22.697670 36.992
 84   236.338 55168.55433401 34.46 306.829081 -22.700955  6.639
 84   236.368 55168.55433465 31.71 306.828261 -22.704245  6.639
 84   236.552 55168.55433530 32.49 306.827451 -22.707535  6.639
 84   236.248 55168.55433594 26.10 306.826641 -22.710825  6.639
 84   236.107 55168.55433659 24.75 306.825831 -22.714115  6.639
 85   237.569 55203.55436062 48.04 306.826732 -22.692387 51.951
 85   238.619 55203.55436127 38.77 306.825922 -22.695677 51.951
 85   238.574 55203.55436191 35.58 306.825107 -22.698959  5.852
 85   238.418 55203.55436255 35.55 306.824297 -22.702249  5.852
 85   238.418 55203.55436320 32.78 306.823487 -22.705539  5.852
 85   238.295 55203.55436384 28.74 306.822667 -22.708829  5.852
 85   238.241 55203.55436449 26.46 306.821857 -22.712119  5.852
 85   238.105 55203.55436513 26.42 306.821047 -22.715409  5.852
 85   238.207 55203.55436578 24.52 306.820237 -22.718699  5.852
 86   236.643 55238.55434008 33.21 306.829690 -22.690675 37.904
 86   236.481 55238.55434072 30.89 306.828880 -22.693965 37.904
 86   236.494 55238.55434137 26.96 306.828070 -22.697255 37.904
 86   236.502 55238.55434201 22.99 306.827260 -22.700545 37.904
 86   237.625 55238.55434266 22.80 306.826442 -22.703829  2.893
 86   237.623 55238.55434330 21.67 306.825632 -22.707119  2.893
 86   236.994 55238.55434395 19.90 306.824822 -22.710409  2.893
 86   236.931 55238.55434459 19.26 306.824012 -22.713699  2.893
 87   235.916 55273.55435367 31.87 306.828637 -22.691208 42.796
 87   235.883 55273.55435432 30.17 306.827827 -22.694498 42.796
 87   235.849 55273.55435496 21.85 306.827017 -22.697788 42.796
 87   235.600 55273.55435561 20.51 306.826205 -22.701073  3.010
 87   235.523 55273.55435625 20.10 306.825395 -22.704363  3.010
 87   235.349 55273.55435690 19.69 306.824575 -22.707653  3.010
 87   235.153 55273.55435754 18.70 306.823765 -22.710943  3.010
 87   234.547 55273.55435819 18.24 306.822955 -22.714233  3.010
 88   235.565 55308.55432155 31.59 306.832528 -22.688727 30.179
 88   235.602 55308.55432219 28.47 306.831718 -22.692017 30.179
 88   235.509 55308.55432284 25.08 306.830908 -22.695307 30.179
 88   235.304 55308.55432348 24.55 306.830098 -22.698597 30.179
 88   235.013 55308.55432413 24.34 306.829288 -22.701887 30.179
 88   235.056 55308.55432477 22.76 306.828478 -22.705177 30.179
 88   235.090 55308.55432542 21.63 306.827661 -22.708461  2.331
 88   250.176 55308.55432606 21.02 306.826851 -22.711751  2.331
 89   235.828 55343.55432318 28.00 306.829106 -22.693010 33.025
 89   235.721 55343.55432383 24.70 306.828296 -22.696300 33.025
 89   235.500 55343.55432447 21.35 306.827486 -22.699590 33.025
 89   235.184 55343.55432511 19.65 306.826676 -22.702880 33.025
 89   235.007 55343.55432576 18.39 306.825862 -22.706162  2.621
 89   234.779 55343.55432640 18.15 306.825052 -22.709452  2.621
 89   234.506 55343.55432705 17.61 306.824232 -22.712742  2.621
 89   248.440 55343.55432769 16.04 306.823422 -22.716032  2.621
 90   235.363 55378.55431715 23.83 306.829986 -22.691088 33.773
 90   235.372 55378.55431780 22.73 306.829176 -22.694378 33.773
 90   235.342 55378.55431844 19.88 306.828366 -22.697668 33.773
 90   234.864 55378.55431909 18.02 306.827556 -22.700952  2.629
 90   234.442 55378.55431973 17.77 306.826736 -22.704242  2.629
 90   234.402 55378.55432038 16.65 306.825926 -22.707532  2.629
 90   234.278 55378.55432102 14.95 306.825116 -22.710822  2.629
 90   234.169 55378.55432167 13.93 306.824306 -22.714112  2.629
 91   235.298 55413.55434188 27.78 306.827564 -22.693070 42.613
 91   235.265 55413.55434252 27.06 306.826744 -22.696360 42.613
 91   235.013 55413.55434317 19.60 306.825938 -22.699643  2.868
 91   234.792 55413.55434381 18.49 306.825128 -22.702933  2.868
 91   234.550 55413.55434445 16.99 306.824318 -22.706223  2.868
 91   234.275 55413.55434510 15.64 306.823498 -22.709513  2.868
 91   234.253 55413.55434574 14.57 306.822688 -22.712813  2.868
 91   234.133 55413.55434639 13.45 306.821878 -22.716103  2.868
 92   235.103 55448.55433027 25.83 306.830908 -22.689458 17.567
 92   235.057 55448.55433091 23.85 306.830098 -22.692748 17.567
 92   234.954 55448.55433156 20.64 306.829288 -22.696038 17.567
 92   234.383 55448.55433220 18.26 306.828478 -22.699328 17.567
 92   234.175 55448.55433285 15.11 306.827668 -22.702618 17.567
 92   234.224 55448.55433349 14.14 306.826858 -22.705908 17.567
 92   234.150 55448.55433413 13.50 306.826047 -22.709190  2.412
 92   234.155 55448.55433478 13.04 306.825227 -22.712480  2.412
 93   235.172 55483.55425771 22.70 306.833960 -22.687396 21.623
 93   235.146 55483.55425836 21.85 306.833150 -22.690686 21.623
 93   235.086 55483.55425900 21.09 306.832340 -22.693976 21.623
 93   235.088 55483.55425965 18.81 306.831530 -22.697266 21.623
 93   234.924 55483.55426029 18.39 306.830720 -22.700556 21.623
 93   234.319 55483.55426094 16.47 306.829910 -22.703846 21.623
 93   234.124 55483.55426158 15.73 306.829100 -22.707136 21.623
 93   250.466 55483.55426223 14.48 306.828290 -22.710426 21.623
