#    0.000   0.000   0.000 ;Mean Elev.(m), Avg Gradient(m/km), RMS Gradient(m/km) - SRTM1     
#    0.000   0.000   0.000 ;Mean Elev.(m), Avg Gradient(m/km), RMS Gradient(m/km) - ASTER GDEM
#    5.320   0.364   1.823 ;Mean Elev.(m), Avg Gradient(m/km), RMS Gradient(m/km) - GMTED2010 
  7 299.221680 -32.503854     8.502     8.574  9 52466.57038193 38.606
  8 299.222967 -32.504405     7.348     7.465 10 52501.57037480 31.828
  9 299.215833 -32.503542     7.008     7.039  7 52536.57036119 21.638
 10 299.219762 -32.502474     8.400     8.403  8 52571.57039658 51.815
 11 299.225637 -32.504087     7.701     7.959 11 52606.57035962 32.002
 12 299.218093 -32.502821     9.132     9.245  8 52641.57035419 39.239
 13 299.225439 -32.504564     8.219     8.350 11 52676.57034283 32.467
 14 299.217974 -32.503821     9.355     9.321  8 52711.57037105 39.435
 15 299.215583 -32.503488     9.202     9.225  7 52746.57039797 35.291
 16 299.216528 -32.502268     8.812     8.859  7 52781.57033595 27.061
 17 299.215223 -32.503767     7.549     7.537  7 52816.57041662 21.424
 18 299.220776 -32.502154     6.799     6.778  9 52851.57046723 35.378
 19 299.218531 -32.501620     6.593     6.612  8 52886.57050157 24.969
 20 299.224195 -32.505090     6.938     7.011 10 52921.57045759 32.548
 21 299.224251 -32.504518     7.102     7.141 10 52956.57042248 33.220
 22 299.226013 -32.504844     7.087     7.109 11 52991.57044105 26.824
 23 299.232322 -32.505077     8.069     8.086 14 53026.57040692 35.554
 24 299.228036 -32.504802     6.962     6.952 12 53061.57041668 47.762
 25 299.219501 -32.501804     6.668     6.671  8 53096.57044249 25.012
 26 299.227798 -32.506574     7.089     7.152 12 53131.57041578 33.879
 28 299.220979 -32.502865     7.152     7.312  9 53201.57049230 31.277
 29 299.230866 -32.506388     7.496     7.597 14 53236.57046176 35.284
 30 299.219516 -32.502781     6.505     6.450  9 53271.57041986 33.085
 31 299.214303 -32.502711     6.651     6.661  6 53306.57048430 21.652
 32 299.223129 -32.503925     8.718     8.728  9 53341.57045179 44.256
 33 299.228079 -32.505214     7.808     8.002 12 53376.57038389 33.328
 34 299.225064 -32.504607     7.958     8.091 10 53411.57042707 31.848
 35 299.216842 -32.502561     8.025     7.893  8 53446.57040954 29.997
 36 299.213632 -32.503197     7.937     7.975  7 53481.57049478 31.940
 37 299.223084 -32.504296     7.333     7.462  9 53516.57049788 30.082
 38 299.217129 -32.502453     7.833     7.835  8 53551.57051854 35.573
 39 299.226652 -32.505345     7.072     7.136 12 53586.57047435 32.484
 40 299.211263 -32.503456     6.969     6.914  6 53621.57043762 23.790
 41 299.218754 -32.502459     7.035     7.109  8 53656.57046569 24.719
 42 299.221764 -32.502900     8.664     8.675  8 53691.57045332 40.337
 43 299.228634 -32.506037     7.081     7.248 12 53726.57037738 32.718
 44 299.226071 -32.505058     7.190     7.195 11 53761.57032850 31.131
 45 299.228144 -32.505261     6.762     6.849 12 53796.57034223 32.608
 47 299.218223 -32.502561     7.766     7.870  7 53866.57039963 43.829
 48 299.221409 -32.502238     7.310     7.339  9 53901.57042829 32.804
 49 299.211942 -32.503032     6.787     6.767  6 53936.57046829 29.395
 50 299.220265 -32.503049     6.575     6.626  9 53971.57043426 28.844
 51 299.220557 -32.503281     6.689     6.806  9 54006.57041619 31.024
 52 299.224696 -32.502680     7.200     7.346 10 54041.57044357 36.401
 53 299.223944 -32.505101     7.494     7.502 10 54076.57043805 33.015
 54 299.226413 -32.503981     7.904     7.946 11 54111.57037836 31.452
 55 299.220410 -32.502619     8.749     8.649  8 54146.57037910 33.816
 56 299.225586 -32.504566     9.425     9.694 10 54181.57036601 31.327
 57 299.219858 -32.502564     8.824     8.716  8 54216.57038666 31.428
 58 299.221281 -32.502404     8.861     8.873  9 54251.57041311 39.567
 59 299.224800 -32.502844     7.991     8.002 10 54286.57041933 38.646
 60 299.224171 -32.503721     7.164     7.281 10 54321.57041623 29.418
 61 299.226916 -32.505479     7.037     7.148 12 54356.57037643 30.632
 62 299.223058 -32.503293     6.866     6.897 10 54391.57035703 47.921
 63 299.225026 -32.503462     6.444     7.116 10 54426.57032647 35.243
 64 299.221482 -32.503788     7.121     7.287  9 54461.57033422 31.898
 65 299.225406 -32.503827     7.174     7.237 10 54496.57033384 38.756
 66 299.223388 -32.503697     7.268     7.453 10 54531.57034709 36.716
 67 299.226529 -32.504597     7.503     7.524 11 54566.57033884 41.882
 68 299.221517 -32.504173     7.678     7.998  9 54601.57034260 36.201
 69 299.221483 -32.503653     7.065     7.203  9 54636.57035446 31.804
 70 299.222504 -32.503323     6.852     6.943 10 54671.57035764 28.047
 71 299.225992 -32.506202     7.292     7.378 11 54706.57031862 34.022
 72 299.221505 -32.503148     6.587     6.579  8 54741.57032267 29.261
 73 299.225493 -32.504450     7.532     7.654 11 54776.57029991 39.524
 74 299.220220 -32.502919     7.314     7.325  9 54811.57031546 28.554
 75 299.224440 -32.504377     5.834     5.791 10 54846.57029989 42.420
 76 299.220269 -32.503320     6.601     6.655  8 54881.57031954 35.482
 77 299.224058 -32.503905     6.962     6.945 10 54916.57030243 50.298
 78 299.220658 -32.503716     6.311     6.338  9 54951.57031209 26.217
 79 299.219533 -32.503368     6.281     6.269  8 54986.57033728 27.721
 80 299.224547 -32.505188     6.556     6.602 10 55021.57033004 26.517
 81 299.223875 -32.505810     7.626     7.627 10 55056.57032656 40.407
 82 299.225065 -32.504163     7.208     7.348 10 55091.57028408 35.732
 83 299.222208 -32.503846     8.188     8.185  9 55126.57026619 38.414
 84 299.223520 -32.504927     8.506     8.695 10 55161.57024527 31.677
 85 299.220253 -32.502753     9.649     9.552  8 55196.57025658 32.724
 86 299.223951 -32.505719     9.690     9.932 10 55231.57024942 29.897
 87 299.222561 -32.503591    10.004    10.110 10 55266.57025132 38.350
 88 299.226669 -32.505777     9.004     9.128 11 55301.57022940 27.310
 89 299.223074 -32.503113     9.049     9.171 10 55336.57022664 33.257
 90 299.224282 -32.503891     8.382     8.506 10 55371.57021678 26.566
 91 299.222881 -32.503931     7.614     7.657  9 55406.57023579 36.655
 92 299.224331 -32.504989     7.009     7.110 10 55441.57023582 28.600
 93 299.227214 -32.505336     6.784     6.874 11 55476.57017841 26.128
