# NaN NaN NaN ;Mean Elev.(m), Avg Gradient(m/km), RMS Gradient(m/km) - SRTM1     
# NaN NaN NaN ;Mean Elev.(m), Avg Gradient(m/km), RMS Gradient(m/km) - ASTER GDEM
# NaN NaN NaN ;Mean Elev.(m), Avg Gradient(m/km), RMS Gradient(m/km) - GMTED2010 
 25    43.169 53087.09265403 38.17 301.198256 -27.752559 20.037
 25    43.116 53087.09265468 33.26 301.197396 -27.749279 20.037
 25    43.153 53087.09265532 25.24 301.196536 -27.745999 20.037
 25    43.016 53087.09265597 18.76 301.195676 -27.742709 20.037
 25    43.112 53087.09265661 21.82 301.194816 -27.739429 20.037
 25    43.344 53087.09265726 24.89 301.193956 -27.736149 20.037
 25    43.360 53087.09265790 25.98 301.193096 -27.732859 20.037
 25    43.333 53087.09265855 23.88 301.192236 -27.729579 20.037
 25    43.310 53087.09265919 24.94 301.191376 -27.726299 20.037
 25    43.283 53087.09265984 26.61 301.190516 -27.723019 20.037
 25    43.321 53087.09266048 29.69 301.189656 -27.719729 20.037
 25    43.137 53087.09266113 27.11 301.188796 -27.716449 20.037
 25    43.234 53087.09266177 21.17 301.187936 -27.713169 20.037
 25    43.099 53087.09266242 20.58 301.187076 -27.709879 20.037
 25    43.183 53087.09266306 22.30 301.186216 -27.706599 20.037
 25    43.228 53087.09266370 26.17 301.185356 -27.703319 20.037
 27    44.544 53157.09268922 14.57 301.190988 -27.707526 11.144
 27    44.667 53157.09268986 13.66 301.190128 -27.704246 11.144
 27    44.669 53157.09269051 13.84 301.189268 -27.700966 11.144
 30    43.508 53262.09265029 18.45 301.198283 -27.737680 11.490
 30    43.674 53262.09265093 15.13 301.197423 -27.734400 11.490
 30    41.910 53262.09265544 20.88 301.191403 -27.711420 11.490
 30    41.498 53262.09265609 26.44 301.190543 -27.708140 11.490
 30    42.750 53262.09265673 18.34 301.189683 -27.704850 11.490
 30    42.903 53262.09265738 18.12 301.188823 -27.701570 11.490
 31    59.306 53297.09268501 11.46 301.198415 -27.743674 11.888
 31    58.730 53297.09268566 12.34 301.197555 -27.740394 11.888
 31    58.539 53297.09268630 13.48 301.196695 -27.737104 11.888
 31    58.848 53297.09268695 14.82 301.195835 -27.733824 11.888
 31    59.027 53297.09268759 15.03 301.194975 -27.730544 11.888
 31    59.249 53297.09268824 13.30 301.194115 -27.727264 11.888
 31    44.225 53297.09269017 19.18 301.191535 -27.717414 11.888
 31    41.408 53297.09269082 22.19 301.190675 -27.714124 11.888
 31    59.165 53297.09269146 20.30 301.189815 -27.710844 11.888
 31    59.414 53297.09269211 16.47 301.188955 -27.707564 11.888
 31    58.760 53297.09269275 16.70 301.188095 -27.704284 11.888
 31    43.045 53297.09269339 18.42 301.187235 -27.700994 11.888
 40    42.131 53612.09265569 16.45 301.191029 -27.707786  9.208
 40    42.392 53612.09265634 16.22 301.190169 -27.704506  9.208
 40    42.364 53612.09265698 15.63 301.189309 -27.701226  9.208
 42    45.859 53682.09267015 26.34 301.198219 -27.738315 14.202
 42    45.787 53682.09267080 18.80 301.197359 -27.735035 14.202
 42    59.660 53682.09267531 15.76 301.191339 -27.712055 14.202
 42    59.306 53682.09267596 16.95 301.190479 -27.708765 14.202
 42    45.731 53682.09267660 17.17 301.189619 -27.705485 14.202
 42    45.542 53682.09267725 17.53 301.188759 -27.702205 14.202
 49    42.889 53927.09266416 25.74 301.198043 -27.751893 12.436
 49    43.028 53927.09266481 25.90 301.197179 -27.748619 15.975
 49    42.855 53927.09266545 21.27 301.196319 -27.745329 15.975
 49    43.173 53927.09266610 17.88 301.195459 -27.742049 15.975
 49    43.350 53927.09266674 19.83 301.194599 -27.738769 15.975
 49    43.077 53927.09266739 20.89 301.193739 -27.735489 15.975
 49    43.052 53927.09266803 23.47 301.192879 -27.732199 15.975
 49    43.139 53927.09266868 25.85 301.192019 -27.728919 15.975
 49    43.183 53927.09266932 30.11 301.191159 -27.725639 15.975
 49    43.142 53927.09266997 31.81 301.190299 -27.722349 15.975
 49    43.097 53927.09267061 32.18 301.189439 -27.719069 15.975
 49    42.993 53927.09267126 27.80 301.188579 -27.715789 15.975
 49    42.867 53927.09267190 23.05 301.187719 -27.712509 15.975
 49    42.870 53927.09267255 22.75 301.186859 -27.709219 15.975
 49    42.992 53927.09267319 22.78 301.185999 -27.705939 15.975
 49    42.869 53927.09267383 25.73 301.185139 -27.702659 15.975
 50    43.956 53962.09264944 11.67 301.198488 -27.747510 10.749
 50    43.361 53962.09265008 12.88 301.197621 -27.744233 12.647
 50    43.586 53962.09265073 16.51 301.196761 -27.740953 12.647
 50    43.486 53962.09265137 20.48 301.195901 -27.737663 12.647
 50    43.219 53962.09265202 19.16 301.195041 -27.734383 12.647
 50    42.577 53962.09265266 21.62 301.194181 -27.731103 12.647
 50    42.322 53962.09265331 22.73 301.193321 -27.727813 12.647
 50    42.982 53962.09265395 23.04 301.192461 -27.724533 12.647
 50    42.908 53962.09265460 21.63 301.191601 -27.721253 12.647
 50    42.895 53962.09265524 21.14 301.190741 -27.717973 12.647
 50    42.639 53962.09265589 21.01 301.189881 -27.714683 12.647
 50    42.320 53962.09265653 21.01 301.189021 -27.711403 12.647
 50    42.628 53962.09265718 18.07 301.188161 -27.708123 12.647
 50    42.641 53962.09265782 17.76 301.187301 -27.704833 12.647
 50    42.622 53962.09265847 17.60 301.186441 -27.701553 12.647
