#    0.000   0.000   0.000 ;Mean Elev.(m), Avg Gradient(m/km), RMS Gradient(m/km) - SRTM1     
#    0.000   0.000   0.000 ;Mean Elev.(m), Avg Gradient(m/km), RMS Gradient(m/km) - ASTER GDEM
#  259.328  -6.649  13.700 ;Mean Elev.(m), Avg Gradient(m/km), RMS Gradient(m/km) - GMTED2010 
  6 308.154876 -21.132481   257.655   257.493  3 52439.06994021 20.347
  7 308.159249 -21.131704   257.591   257.606  4 52474.06993925 27.209
  8 308.164742 -21.130424   257.782   257.789  4 52509.06990437 52.589
  9 308.171652 -21.130942   257.875   257.875  2 52544.06989946 42.932
 11 308.159169 -21.131065   257.536   257.541  3 52614.06990794 17.939
 12 308.167044 -21.128141   260.149   260.010  4 52649.06988911 43.567
 13 308.168033 -21.127524   257.626   257.584  3 52684.06986909 23.401
 14 308.162001 -21.129949   258.003   257.960  4 52719.06992344 49.486
 16 308.165515 -21.129299   257.945   257.932  4 52789.06989517 47.388
 17 308.166224 -21.128132   258.006   258.027  3 52824.06996597 50.451
 18 308.167890 -21.127104   258.096   258.055  3 52859.07001240 52.189
 19 308.160770 -21.131126   258.282   258.047  4 52894.07004300 44.906
 20 308.158726 -21.131852   258.364   258.297  4 52929.06999297 50.695
 21 308.169918 -21.127643   257.902   257.907  4 52964.06997746 51.893
 22 308.158428 -21.131607   257.456   257.548  3 52999.07001339 46.185
 23 308.159225 -21.130238   257.957   257.869  4 53034.06996622 28.684
 24 308.165310 -21.129190   258.183   258.163  4 53069.06998190 43.539
 25 308.158025 -21.130639   257.964   257.946  3 53104.06996766 49.505
 27 308.163011 -21.129796   259.845   259.988  4 53174.07002633 45.284
 29 308.164510 -21.129189   257.554   257.501  3 53244.07001037 32.081
 30 308.164836 -21.128132   257.876   257.922  4 53279.06998950 41.457
 31 308.163501 -21.131765   258.688   258.688  2 53314.07001340 18.934
 34 308.171464 -21.127217   258.062   258.008  3 53419.06995966 51.351
 35 308.169482 -21.130334   258.423   258.435  3 53454.06996483 51.089
 36 308.156866 -21.131915   258.146   258.325  3 53489.07005009 42.312
 37 308.166564 -21.129113   257.950   257.963  4 53524.07003806 49.291
 38 308.156130 -21.130797   257.727   257.628  3 53559.07006455 33.073
 39 308.168247 -21.128252   258.022   258.077  3 53594.07000194 50.731
 40 308.161097 -21.131326   257.782   257.547  4 53629.06999393 37.261
 41 308.161023 -21.130997   257.735   257.639  3 53664.07001807 34.129
 43 308.165776 -21.129122   258.054   258.056  4 53734.06989938 51.114
 44 308.169930 -21.127500   258.140   258.135  3 53769.06988274 52.422
 45 308.165600 -21.127089   258.330   258.366  4 53804.06987895 23.255
 46 308.164781 -21.129296   258.837   258.755  4 53839.06989779 49.967
 47 308.165522 -21.129912   257.956   257.930  4 53874.06994433 51.344
 48 308.159593 -21.130643   258.231   258.220  4 53909.06998869 47.215
 49 308.154381 -21.131325   257.959   257.953  3 53944.07001194 51.136
 50 308.160355 -21.131361   257.959   257.862  4 53979.06996106 31.372
 52 308.170281 -21.126123   257.997   257.976  3 54049.06998102 30.152
 55 308.163011 -21.130708   259.607   259.600  4 54154.06992840 52.208
 56 308.162009 -21.129885   258.036   258.051  4 54189.06989678 52.231
 57 308.163527 -21.129661   258.026   258.038  4 54224.06993864 48.255
 58 308.163702 -21.128675   257.786   257.773  4 54259.06996066 50.294
 59 308.164962 -21.129869   258.017   258.025  4 54294.06996335 51.738
 60 308.165169 -21.129855   257.991   258.022  4 54329.06995721 52.063
 61 308.161907 -21.130802   258.311   258.055  3 54364.06990398 50.946
 63 308.163761 -21.130903   257.774   257.829  4 54434.06985517 51.323
 65 308.163217 -21.129676   259.603   259.603  2 54504.06987059 50.535
 67 308.163281 -21.129791   258.813   258.807  4 54574.06987125 49.787
 68 308.163759 -21.128675   258.446   258.370  4 54609.06988954 50.693
 69 308.163486 -21.130565   258.199   258.200  4 54644.06989679 50.382
 70 308.162951 -21.129524   258.170   258.038  4 54679.06989859 36.360
 71 308.163585 -21.130566   258.405   258.398  4 54714.06985056 42.727
 76 308.162711 -21.130549   258.685   258.641  3 54889.06986514 49.451
 77 308.160291 -21.130477   258.504   258.496  3 54924.06983415 53.081
 78 308.163724 -21.130458   261.715   261.702  4 54959.06986305 40.700
 81 308.164074 -21.129388   259.419   259.347  4 55064.06986692 22.916
 83 308.164529 -21.129360   257.963   258.034  3 55134.06981077 39.579
 85 308.164039 -21.128713   259.332   259.307  4 55204.06980419 43.352
 87 308.163872 -21.131714   260.152   260.213  3 55274.06979679 44.254
 88 308.162813 -21.130322   258.065   258.068  3 55309.06976572 52.398
 89 308.165397 -21.130299   257.868   257.826  4 55344.06976611 43.730
 90 308.163515 -21.129859   258.070   258.132  4 55379.06976048 51.382
 91 308.165293 -21.129063   257.853   257.853  3 55414.06978582 19.131
 92 308.163993 -21.129055   258.147   258.200  4 55449.06977409 49.856
 93 308.163694 -21.134120   258.170   258.170  2 55484.06969926 24.027
