#    0.000   0.000   0.000 ;Mean Elev.(m), Avg Gradient(m/km), RMS Gradient(m/km) - SRTM1     
#    0.000   0.000   0.000 ;Mean Elev.(m), Avg Gradient(m/km), RMS Gradient(m/km) - ASTER GDEM
#   51.185  -0.777   1.452 ;Mean Elev.(m), Avg Gradient(m/km), RMS Gradient(m/km) - GMTED2010 
  8 302.076348 -27.280654    49.557    49.536 13 52498.56535186 47.169
 10 302.073887 -27.280319    52.965    53.939 13 52568.56536656 27.796
 11 302.072271 -27.279713    50.666    50.791 12 52603.56535781 41.708
 12 302.068570 -27.279671    51.034    51.079 12 52638.56533397 35.919
 13 302.073959 -27.279544    51.058    51.041 13 52673.56533248 26.123
 14 302.071098 -27.280710    51.745    51.409 13 52708.56534321 40.387
 15 302.068863 -27.279246    50.427    50.424 13 52743.56537270 46.651
 17 302.067418 -27.279431    50.263    50.225 12 52813.56539255 38.614
 18 302.070588 -27.279191    49.800    49.764 13 52848.56544591 29.453
 19 302.070500 -27.279081    49.747    49.750 12 52883.56548176 42.809
 20 302.076113 -27.281045    50.479    50.449 12 52918.56543866 49.428
 21 302.075180 -27.280771    50.255    50.272 13 52953.56540136 48.202
 22 302.081444 -27.282808    51.167    51.181 12 52988.56541041 46.997
 23 302.080765 -27.281621    50.512    50.510 13 53023.56539716 51.949
 24 302.079587 -27.282393    50.023    50.006 12 53058.56539302 31.405
 25 302.068415 -27.280598    49.936    49.908 13 53093.56543046 39.717
 26 302.076177 -27.279889    49.690    49.698 12 53128.56540114 41.586
 28 302.073711 -27.279655    50.799    50.812 12 53198.56546873 35.761
 29 302.082264 -27.281927    50.129    50.042 12 53233.56544141 30.158
 30 302.076860 -27.279781    50.029    50.054 12 53268.56540874 27.049
 31 302.063256 -27.280097    51.977    51.655 12 53303.56546804 40.058
 32 302.073572 -27.280505    51.544    51.371 13 53338.56543715 33.735
 33 302.078990 -27.281003    50.665    50.650 13 53373.56537018 51.087
 34 302.074996 -27.279349    52.811    52.915 13 53408.56541035 27.940
 35 302.077081 -27.280644    50.194    50.166 12 53443.56539460 28.106
 36 302.065888 -27.280759    50.361    50.168 13 53478.56547006 45.558
 37 302.073108 -27.279960    50.888    50.869 13 53513.56547897 30.494
 38 302.069573 -27.278742    52.748    51.701 13 53548.56549765 33.080
 39 302.075462 -27.280260    49.816    49.815 13 53583.56546342 32.530
 40 302.074450 -27.279200    49.844    49.825 13 53618.56541923 28.548
 41 302.071742 -27.279683    52.080    52.195 13 53653.56544225 38.831
 42 302.070841 -27.278658    46.589    46.578 13 53688.56544072 52.089
 43 302.079005 -27.281922    50.850    50.876 12 53723.56536590 39.071
 44 302.078079 -27.281300    50.796    50.815 12 53758.56530420 48.264
 45 302.078410 -27.280838    50.391    50.383 13 53793.56532546 47.269
 46 302.074294 -27.280211    51.243    51.283 12 53828.56529670 43.759
 47 302.068910 -27.279749    50.393    50.200 12 53863.56537946 29.319
 48 302.073391 -27.278338    52.424    52.891 13 53898.56540271 29.001
 49 302.063584 -27.280701    49.924    49.899 12 53933.56544935 39.742
 50 302.068945 -27.280332    50.082    50.066 13 53968.56542141 28.070
 51 302.072595 -27.279883    50.115    50.076 13 54003.56539095 30.504
 52 302.074979 -27.280672    50.200    50.211 12 54038.56542641 49.564
 53 302.075293 -27.279868    50.316    50.328 13 54073.56542060 36.681
 54 302.076215 -27.280710    50.652    50.656 13 54108.56536728 29.551
 55 302.072046 -27.278505    53.496    53.482 13 54143.56535684 33.403
 56 302.074949 -27.280799    51.187    51.177 13 54178.56535152 30.615
 58 302.072366 -27.279907    54.383    54.388 12 54248.56539241 29.261
 59 302.074614 -27.279463    50.149    50.126 13 54283.56540133 39.705
 60 302.075664 -27.280393    50.361    50.417 12 54318.56539895 31.927
 61 302.076743 -27.280346    50.002    50.014 12 54353.56536312 33.552
 62 302.074189 -27.280190    50.441    50.450 13 54388.56533914 46.009
 63 302.074841 -27.280370    52.004    52.030 13 54423.56531334 52.303
 64 302.072436 -27.279924    50.521    50.490 12 54458.56531381 28.397
 65 302.076042 -27.280021    50.273    50.255 13 54493.56531719 28.175
 66 302.074548 -27.279689    50.557    50.500 12 54528.56532639 27.072
 67 302.075731 -27.281277    50.582    50.578 13 54563.56532423 51.476
 68 302.073497 -27.279651    50.568    50.614 12 54598.56532186 37.770
 69 302.072397 -27.279121    50.353    50.370 13 54633.56533507 39.958
 70 302.072954 -27.279684    50.239    50.178 13 54668.56533988 29.672
 71 302.077092 -27.280698    50.928    50.970 13 54703.56530478 29.688
 72 302.071995 -27.280426    50.172    50.095 13 54738.56530237 28.521
 73 302.075864 -27.281108    52.070    52.063 13 54773.56528651 49.312
 74 302.071043 -27.279011    50.394    50.415 13 54808.56529507 32.833
 75 302.074716 -27.280712    50.025    50.054 13 54843.56528393 44.578
 76 302.071597 -27.278985    50.181    50.188 13 54878.56529868 32.110
 77 302.074598 -27.279022    49.816    49.833 13 54913.56528752 48.288
 78 302.071319 -27.279871    50.106    50.117 12 54948.56529017 46.898
 79 302.072063 -27.278579    50.369    50.402 13 54983.56531584 43.634
 80 302.074265 -27.280717    49.997    50.024 13 55018.56531345 31.522
 81 302.075757 -27.279570    51.315    51.342 13 55053.56530855 49.044
 82 302.075465 -27.280159    51.502    51.987 12 55088.56527078 39.982
 83 302.073841 -27.279097    52.770    52.802 13 55123.56524565 39.482
 84 302.074212 -27.279953    52.280    52.361 13 55158.56523141 26.645
 85 302.070918 -27.280745    53.828    53.835 13 55193.56523562 49.363
 86 302.074401 -27.280284    53.522    53.517 12 55228.56523381 27.800
 87 302.073863 -27.280538    51.463    51.485 13 55263.56523075 45.368
 88 302.076484 -27.280176    52.661    52.583 12 55298.56521613 30.636
 89 302.073097 -27.279613    51.757    51.497 13 55333.56520901 30.024
 90 302.075040 -27.280024    50.944    51.007 12 55368.56520071 24.975
 91 302.072835 -27.279868    51.056    51.052 12 55403.56521621 45.004
 92 302.076104 -27.280788    50.143    50.161 12 55438.56521860 47.272
 93 302.077022 -27.280772    50.394    50.374 12 55473.56516662 37.571
