#    0.000   0.000   0.000 ;Mean Elev.(m), Avg Gradient(m/km), RMS Gradient(m/km) - SRTM1     
#    0.000   0.000   0.000 ;Mean Elev.(m), Avg Gradient(m/km), RMS Gradient(m/km) - ASTER GDEM
#   44.228  -0.430   2.397 ;Mean Elev.(m), Avg Gradient(m/km), RMS Gradient(m/km) - GMTED2010 
 12 301.193802 -27.689373    59.705    59.705  2 52632.09254865 23.538
 13 301.188066 -27.682961    44.455    44.480  9 52667.09257014 35.885
 15 301.191825 -27.686258    56.287    58.950  5 52737.09258204 19.381
 16 301.189858 -27.684924    43.288    43.287  7 52772.09255096 19.671
 17 301.191084 -27.685000    43.141    42.884  7 52807.09260588 18.380
 19 301.190237 -27.684434    43.385    43.384  7 52877.09270332 50.849
 23 301.187910 -27.683961    46.175    44.586  9 53017.09265137 25.130
 25 301.178910 -27.678697    44.001    42.865 14 53087.09266854 24.317
 26 301.192001 -27.686967    54.490    54.331  6 53122.09263675 16.645
 27 301.183678 -27.679625    44.445    44.520 12 53157.09269470 22.315
 30 301.183239 -27.680235    42.820    42.842 12 53262.09266157 22.419
 31 301.181210 -27.678019    43.016    43.074 13 53297.09269791 20.854
 32 301.190729 -27.684391    49.464    45.647  7 53332.09266834 28.107
 33 301.190677 -27.685126    44.715    44.708  8 53367.09261364 30.580
 35 301.190272 -27.685650    43.848    43.820  4 53437.09263059 28.275
 36 301.188380 -27.683215    59.735    59.696  9 53472.09268340 19.905
 37 301.187649 -27.684209    59.381    59.369 10 53507.09271406 20.496
 38 301.186174 -27.682451    48.417    44.573 11 53542.09272149 21.472
 39 301.186173 -27.682735    43.573    43.557 10 53577.09270856 52.734
 40 301.183723 -27.679886    42.625    42.668 12 53612.09266117 19.489
 42 301.183171 -27.680863    45.567    45.629 12 53682.09268144 25.647
 43 301.192358 -27.687503    58.776    58.801  3 53717.09260737 16.604
 46 301.189108 -27.683702    57.176    59.062  9 53822.09251224 21.708
 47 301.187646 -27.683969    49.635    44.345 10 53857.09260342 14.546
 49 301.178690 -27.678035    42.884    42.853 14 53927.09267867 23.055
 50 301.179994 -27.676932    42.867    42.853 14 53962.09266330 19.582
 53 301.193204 -27.688633    59.046    59.196  3 54067.09264943 14.599
 54 301.187660 -27.684158    44.934    44.987  9 54102.09261095 27.441
 55 301.192952 -27.687871    47.041    47.044  4 54137.09257794 46.679
 56 301.187908 -27.684653    46.190    46.292 10 54172.09258819 27.397
 57 301.192038 -27.686642    44.934    44.934  5 54207.09258299 30.481
 58 301.191460 -27.686266    45.462    45.501  7 54242.09261621 45.327
 59 301.191032 -27.685535    43.135    42.794  7 54277.09263091 15.642
 60 301.192618 -27.688169    43.895    43.895  5 54312.09263062 25.722
 61 301.188932 -27.685314    43.037    42.944  9 54347.09260394 20.690
 63 301.188663 -27.683288    50.010    51.104  9 54417.09255333 23.908
 65 301.192911 -27.687897    58.997    59.305  3 54487.09254954 14.849
 67 301.188918 -27.685158    44.259    44.246  9 54557.09256033 27.324
 68 301.190358 -27.683972    45.209    45.217  7 54592.09254744 35.387
 69 301.189841 -27.685069    57.364    59.372  8 54627.09256274 22.365
 70 301.188733 -27.684369    48.409    43.674  9 54662.09257025 26.834
 71 301.190267 -27.685788    55.396    54.643  8 54697.09254570 20.286
 72 301.193272 -27.688603    41.982    41.982  2 54732.09252621 22.061
 73 301.191057 -27.685005    59.861    59.866  7 54767.09252461 24.952
 74 301.192548 -27.687943    58.936    59.046  5 54802.09251933 20.099
 75 301.191850 -27.689672    42.718    42.704  5 54837.09251652 37.143
 76 301.193173 -27.688214    59.367    59.304  3 54872.09251850 24.267
 77 301.186095 -27.682995    43.591    43.474 10 54907.09252499 24.613
 78 301.192111 -27.688340    55.326    58.764  5 54942.09251119 17.612
 79 301.189094 -27.683098    42.945    42.914  8 54977.09254061 41.647
 80 301.189615 -27.685291    43.412    43.393  8 55012.09254796 48.857
 81 301.191948 -27.686828    44.447    44.513  5 55047.09253955 21.578
 82 301.187894 -27.683799    44.114    44.185 10 55082.09251257 21.058
 84 301.189009 -27.684034    59.715    59.840  9 55152.09246958 26.321
 85 301.192272 -27.686684    46.792    46.799  5 55187.09245830 50.695
 86 301.189103 -27.684032    49.554    47.440  9 55222.09246870 27.910
 87 301.193859 -27.689421    58.579    58.579  2 55257.09245325 23.371
 88 301.187481 -27.683451    57.244    58.555  9 55292.09245664 21.882
 89 301.188094 -27.682949    57.375    58.591  9 55327.09243990 25.017
 90 301.189120 -27.684525    43.867    43.822  9 55362.09243539 31.381
 91 301.192380 -27.686485    59.588    59.529  4 55397.09244201 25.734
 92 301.193124 -27.687681    43.981    43.977  3 55432.09244989 52.399
 93 301.188757 -27.684729    52.167    58.453  9 55467.09241002 28.273
