#    0.000   0.000   0.000 ;Mean Elev.(m), Avg Gradient(m/km), RMS Gradient(m/km) - SRTM1     
#    0.000   0.000   0.000 ;Mean Elev.(m), Avg Gradient(m/km), RMS Gradient(m/km) - ASTER GDEM
#    5.632  -0.047   1.690 ;Mean Elev.(m), Avg Gradient(m/km), RMS Gradient(m/km) - GMTED2010 
  7 299.266877 -32.343382     9.063     9.067 11 52466.57035034 36.334
  8 299.268151 -32.343930     7.955     7.998 12 52501.57034321 30.163
  9 299.260600 -32.344712     8.378     8.469  8 52536.57032992 23.487
 10 299.264040 -32.345276     8.390     8.256 10 52571.57036564 28.872
 11 299.270823 -32.343609     8.664     8.638 13 52606.57032803 28.848
 12 299.262384 -32.345622     9.889     9.857 10 52641.57032325 33.876
 13 299.270623 -32.344086     8.866     8.952 13 52676.57031124 27.206
 14 299.262722 -32.344992     9.846     9.843  9 52711.57033978 44.977
 15 299.260769 -32.343018     9.709     9.780  7 52746.57036639 33.149
 16 299.261285 -32.343437     9.499     9.481  8 52781.57030469 27.221
 17 299.260444 -32.343296     8.395     8.326  7 52816.57038503 25.213
 18 299.265060 -32.344963     7.395     7.423 11 52851.57043628 25.715
 19 299.262344 -32.346058     7.641     7.555  9 52886.57047095 20.740
 20 299.269379 -32.344615     7.644     7.658 12 52921.57042600 33.200
 21 299.269466 -32.344046     7.740     7.728 12 52956.57039089 24.082
 22 299.271214 -32.344369     7.892     7.925 13 52991.57040946 22.442
 23 299.277044 -32.346242     8.999     8.983 15 53026.57037566 40.132
 24 299.272777 -32.345966     7.433     7.439 13 53061.57038541 46.675
 25 299.263757 -32.344600     7.446     7.428 10 53096.57041154 18.857
 26 299.273468 -32.344464     8.004     8.045 13 53131.57038387 28.954
 28 299.265256 -32.345672     7.751     7.870 11 53201.57046136 20.141
 29 299.276054 -32.345913     8.372     8.440 14 53236.57043017 35.306
 30 299.264282 -32.343950     7.198     7.137 10 53271.57038860 27.823
 31 299.259507 -32.342240     7.710     7.772  6 53306.57045271 20.207
 32 299.267854 -32.345086     9.298     9.294 12 53341.57042052 48.466
 33 299.273252 -32.344736     8.878     8.927 14 53376.57035230 30.690
 34 299.270260 -32.344134     8.946     9.009 12 53411.57039548 25.517
 35 299.261147 -32.345366     8.819     8.842  8 53446.57037860 33.725
 36 299.258839 -32.342724     8.663     8.696  5 53481.57046319 30.978
 37 299.267815 -32.345463     8.029     8.002 12 53516.57046661 26.126
 38 299.261398 -32.345258     8.619     8.569  8 53551.57048760 44.431
 39 299.272300 -32.343235     7.732     7.745 13 53586.57044243 48.333
 41 299.263038 -32.345264     7.680     7.699 10 53656.57043475 18.509
 42 299.266491 -32.344063     9.266     9.284 11 53691.57042206 46.272
 43 299.273806 -32.345560     8.042     8.081 14 53726.57034579 31.106
 44 299.271287 -32.344586     8.023     7.978 13 53761.57029691 37.024
 45 299.273326 -32.344785     7.701     7.681 14 53796.57031064 28.553
 47 299.262509 -32.345361     8.266     8.186  9 53866.57036869 42.737
 48 299.265684 -32.345037     7.841     7.836 11 53901.57039734 19.998
 49 299.256675 -32.344201     8.273     8.294  3 53936.57043702 24.053
 50 299.264991 -32.344209     7.162     7.094 10 53971.57040300 23.514
 51 299.265318 -32.344449     7.312     7.329 10 54006.57038492 18.939
 52 299.268982 -32.345485     7.871     7.885 12 54041.57041263 21.921
 53 299.269131 -32.344623     8.013     8.052 12 54076.57040646 30.873
 54 299.271582 -32.343500     8.634     8.704 13 54111.57034677 28.422
 55 299.265157 -32.343788     9.377     9.369 11 54146.57034783 29.007
 56 299.270760 -32.344089    10.538    10.540 12 54181.57033442 33.608
 57 299.264145 -32.345365     9.256     9.188 10 54216.57035572 28.844
 58 299.265559 -32.345214     9.080     8.973 11 54251.57038217 30.281
 59 299.269530 -32.344010     8.775     8.777 13 54286.57038807 47.320
 60 299.269367 -32.343249     7.938     7.956 12 54321.57038464 23.370
 61 299.272552 -32.343365     7.776     7.776 13 54356.57034452 32.833
 62 299.267795 -32.344459     7.496     7.497 11 54391.57032577 47.138
 63 299.269754 -32.344623     7.798     7.838 13 54426.57029521 27.249
 64 299.266689 -32.343315     7.815     7.825 11 54461.57030263 30.332
 65 299.270132 -32.344988     7.903     7.933 13 54496.57030257 32.545
 66 299.268591 -32.343223     7.945     7.983 12 54531.57031550 25.994
 67 299.271704 -32.344121     8.143     8.141 13 54566.57030725 30.762
 68 299.266716 -32.343705     8.422     8.377 11 54601.57031101 27.954
 69 299.266677 -32.343180     7.682     7.697 11 54636.57032287 26.237
 70 299.267233 -32.344484     7.477     7.536 11 54671.57032637 22.202
 71 299.271175 -32.345730     8.207     8.272 13 54706.57028703 25.517
 72 299.266246 -32.344314     7.172     7.182 11 54741.57029140 28.839
 73 299.270681 -32.343971     8.399     8.417 13 54776.57026832 32.182
 74 299.264972 -32.344084     7.801     7.790 10 54811.57028419 19.997
 75 299.269624 -32.343904     6.609     6.571 12 54846.57026830 45.072
 76 299.265011 -32.344489     7.308     7.246 11 54881.57028827 29.707
 77 299.269234 -32.343423     7.723     7.716 12 54916.57027085 49.516
 78 299.265857 -32.343245     6.938     6.936 11 54951.57028051 34.914
 79 299.264271 -32.344535     6.980     6.992 11 54986.57030601 22.173
 80 299.269739 -32.344714     7.177     7.175 12 55021.57029845 30.456
 81 299.269065 -32.345338     8.213     8.192 12 55056.57029497 33.076
 82 299.270241 -32.343689     7.913     7.967 12 55091.57025249 28.496
 83 299.266949 -32.345012     8.628     8.516 12 55126.57023492 41.765
 84 299.268705 -32.344449     9.571     9.552 12 55161.57021368 32.674
 85 299.264999 -32.343918    10.213    10.123 11 55196.57022531 30.653
 86 299.269130 -32.345243    10.465    10.437 12 55231.57021783 26.322
 87 299.267762 -32.343113    10.360    10.381 12 55266.57021973 31.451
 88 299.271846 -32.345300     9.733     9.809 13 55301.57019782 26.879
 89 299.267804 -32.344280     9.526     9.498 11 55336.57019537 26.389
 90 299.269472 -32.343416     8.870     8.895 12 55371.57018520 22.190
 91 299.267624 -32.345097     7.842     7.994 12 55406.57020452 42.456
 92 299.269520 -32.344518     7.668     7.673 12 55441.57020423 27.450
 93 299.272387 -32.344861     7.546     7.485 13 55476.57014682 25.368
