#    0.000   0.000   0.000 ;Mean Elev.(m), Avg Gradient(m/km), RMS Gradient(m/km) - SRTM1     
#    0.000   0.000   0.000 ;Mean Elev.(m), Avg Gradient(m/km), RMS Gradient(m/km) - ASTER GDEM
#   51.185  -0.777   1.452 ;Mean Elev.(m), Avg Gradient(m/km), RMS Gradient(m/km) - GMTED2010 
  8    49.690 52498.56534800 51.24 302.081477 -27.260950 33.655
  8    49.689 52498.56534864 52.21 302.080627 -27.264240 33.655
  8    49.520 52498.56534929 49.20 302.079767 -27.267520 33.655
  8    49.522 52498.56534993 41.30 302.078917 -27.270800 33.655
  8    49.528 52498.56535058 31.52 302.078057 -27.274090 33.655
  8    49.529 52498.56535122 33.58 302.077207 -27.277370 33.655
  8    49.491 52498.56535186 39.64 302.076347 -27.280650 33.655
  8    49.526 52498.56535251 35.24 302.075497 -27.283940 33.655
  8    49.428 52498.56535315 34.71 302.074637 -27.287220 33.655
  8    49.409 52498.56535380 45.61 302.073787 -27.290510 33.655
  8    49.623 52498.56535444 42.80 302.072927 -27.293790 33.655
  8    49.591 52498.56535509 52.72 302.072077 -27.297070 33.655
  8    49.693 52498.56535573 42.93 302.071217 -27.300360 33.655
 10    50.277 52568.56536269 25.07 302.079020 -27.260614 35.334
 10    50.574 52568.56536333 20.56 302.078170 -27.263904 35.334
 10    51.198 52568.56536398 19.27 302.077311 -27.267189 21.764
 10    51.072 52568.56536462 23.19 302.076451 -27.270469 21.764
 10    50.794 52568.56536527 26.16 302.075601 -27.273749 21.764
 10    50.798 52568.56536591 26.37 302.074741 -27.277039 21.764
 10    50.869 52568.56536656 22.53 302.073891 -27.280319 21.764
 10    53.103 52568.56536720 21.11 302.073031 -27.283599 21.764
 10    55.314 52568.56536785 21.60 302.072171 -27.286889 21.764
 10    56.707 52568.56536849 22.39 302.071321 -27.290169 21.764
 10    58.230 52568.56536914 23.00 302.070461 -27.293449 21.764
 10    58.979 52568.56536978 23.97 302.069611 -27.296739 21.764
 10    50.636 52568.56537042 37.14 302.068751 -27.300019 21.764
 11    50.849 52603.56535427 37.85 302.076970 -27.261650 35.908
 11    50.855 52603.56535491 38.24 302.076120 -27.264940 35.908
 11    50.945 52603.56535556 39.67 302.075269 -27.268217 31.706
 11    50.818 52603.56535620 37.35 302.074409 -27.271507 31.706
 11    50.801 52603.56535685 35.84 302.073549 -27.274787 31.706
 11    50.650 52603.56535749 30.42 302.072699 -27.278067 31.706
 11    50.033 52603.56535814 29.28 302.071839 -27.281357 31.706
 11    50.144 52603.56535878 31.38 302.070989 -27.284637 31.706
 11    50.395 52603.56535942 31.23 302.070129 -27.287927 31.706
 11    50.808 52603.56536007 33.24 302.069279 -27.291207 31.706
 11    50.782 52603.56536071 47.08 302.068419 -27.294487 31.706
 11    50.912 52603.56536136 49.48 302.067569 -27.297777 31.706
 12    51.050 52638.56533042 28.62 302.073277 -27.261609 31.640
 12    51.522 52638.56533107 32.35 302.072417 -27.264889 31.640
 12    51.181 52638.56533171 38.22 302.071567 -27.268179 31.640
 12    51.181 52638.56533236 29.00 302.070707 -27.271459 31.640
 12    51.198 52638.56533300 42.00 302.069857 -27.274749 31.640
 12    51.321 52638.56533365 43.10 302.068997 -27.278029 31.640
 12    51.076 52638.56533429 21.64 302.068137 -27.281309 31.640
 12    51.018 52638.56533494 18.55 302.067287 -27.284599 31.640
 12    50.728 52638.56533558 17.74 302.066427 -27.287879 31.640
 12    50.433 52638.56533623 21.18 302.065577 -27.291169 31.640
 12    50.726 52638.56533687 21.87 302.064717 -27.294449 31.640
 12    50.973 52638.56533752 22.60 302.063867 -27.297729 31.640
 13    50.859 52673.56532861 24.40 302.079091 -27.259842 32.874
 13    50.614 52673.56532926 20.82 302.078231 -27.263122 32.874
 13    51.179 52673.56532990 19.97 302.077381 -27.266412 32.874
 13    51.254 52673.56533055 25.32 302.076528 -27.269688 18.745
 13    51.061 52673.56533119 26.33 302.075668 -27.272978 18.745
 13    50.934 52673.56533184 31.12 302.074818 -27.276258 18.745
 13    50.905 52673.56533248 26.65 302.073958 -27.279548 18.745
 13    50.920 52673.56533313 21.91 302.073108 -27.282828 18.745
 13    51.366 52673.56533377 20.32 302.072248 -27.286108 18.745
 13    51.146 52673.56533441 20.58 302.071388 -27.289398 18.745
 13    51.217 52673.56533506 19.89 302.070538 -27.292678 18.745
 13    51.083 52673.56533570 20.96 302.069678 -27.295958 18.745
 13    51.223 52673.56533635 32.31 302.068828 -27.299248 18.745
 14    51.366 52708.56533934 44.59 302.076231 -27.261004 33.520
 14    51.374 52708.56533999 41.46 302.075371 -27.264294 33.520
 14    51.487 52708.56534063 45.33 302.074521 -27.267574 33.520
 14    51.429 52708.56534128 42.59 302.073661 -27.270854 33.520
 14    51.535 52708.56534192 43.72 302.072811 -27.274144 33.520
 14    51.631 52708.56534257 42.58 302.071951 -27.277424 33.520
 14    51.420 52708.56534321 28.09 302.071101 -27.280714 33.520
 14    51.039 52708.56534386 24.18 302.070241 -27.283994 33.520
 14    50.868 52708.56534450 23.55 302.069391 -27.287274 33.520
 14    50.912 52708.56534515 22.21 302.068531 -27.290564 33.520
 14    57.056 52708.56534579 20.17 302.067671 -27.293844 33.520
 14    51.192 52708.56534644 24.09 302.066821 -27.297124 33.520
 14    51.374 52708.56534708 35.72 302.065961 -27.300414 33.520
 15    50.414 52743.56536884 39.60 302.073992 -27.259544 33.640
 15    50.405 52743.56536948 41.34 302.073142 -27.262824 33.640
 15    50.443 52743.56537013 41.61 302.072282 -27.266114 33.640
 15    50.473 52743.56537077 46.99 302.071432 -27.269394 33.640
 15    50.664 52743.56537141 42.40 302.070572 -27.272674 33.640
 15    51.065 52743.56537206 46.11 302.069722 -27.275964 33.640
 15    50.596 52743.56537270 29.80 302.068862 -27.279244 33.640
 15    50.185 52743.56537335 28.81 302.068012 -27.282534 33.640
 15    49.819 52743.56537399 27.95 302.067152 -27.285814 33.640
 15    50.314 52743.56537464 36.15 302.066302 -27.289094 33.640
 15    50.326 52743.56537528 50.35 302.065442 -27.292384 33.640
 15    50.444 52743.56537593 52.77 302.064582 -27.295664 33.640
 15    50.397 52743.56537657 51.81 302.063732 -27.298954 33.640
 17    50.280 52813.56538901 36.81 302.072123 -27.261374 31.830
 17    50.180 52813.56538965 28.38 302.071273 -27.264654 31.830
 17    50.202 52813.56539030 38.53 302.070413 -27.267934 31.830
 17    50.283 52813.56539094 31.56 302.069553 -27.271224 31.830
 17    50.614 52813.56539159 48.31 302.068703 -27.274504 31.830
 17    50.931 52813.56539223 33.77 302.067843 -27.277784 31.830
 17    50.309 52813.56539288 26.37 302.066993 -27.281074 31.830
 17    50.048 52813.56539352 20.76 302.066133 -27.284354 31.830
 17    49.771 52813.56539417 21.22 302.065283 -27.287644 31.830
 17    50.080 52813.56539481 24.90 302.064423 -27.290924 31.830
 17    50.282 52813.56539546 29.65 302.063563 -27.294204 31.830
 17    50.170 52813.56539610 30.40 302.062713 -27.297494 31.830
 18    49.712 52848.56544204 33.86 302.075718 -27.259491 23.389
 18    49.704 52848.56544268 25.53 302.074868 -27.262771 23.389
 18    49.902 52848.56544333 27.58 302.074008 -27.266061 23.389
 18    49.847 52848.56544397 26.76 302.073158 -27.269341 23.389
 18    50.145 52848.56544462 25.38 302.072298 -27.272621 23.389
 18    50.211 52848.56544526 36.09 302.071448 -27.275911 23.389
 18    50.312 52848.56544591 25.28 302.070588 -27.279191 23.389
 18    49.504 52848.56544655 24.71 302.069728 -27.282471 23.389
 18    49.421 52848.56544720 23.67 302.068878 -27.285761 23.389
 18    49.639 52848.56544784 25.50 302.068018 -27.289041 23.389
 18    49.625 52848.56544849 26.74 302.067168 -27.292331 23.389
 18    49.627 52848.56544913 27.57 302.066308 -27.295611 23.389
 18    49.756 52848.56544978 29.78 302.065458 -27.298891 23.389
 19    49.715 52883.56547822 31.66 302.075204 -27.261023 25.123
 19    49.805 52883.56547886 30.80 302.074354 -27.264303 25.123
 19    49.728 52883.56547950 36.68 302.073494 -27.267583 25.123
 19    49.701 52883.56548015 38.49 302.072644 -27.270873 25.123
 19    50.031 52883.56548079 34.18 302.071784 -27.274153 25.123
 19    49.958 52883.56548144 34.83 302.070924 -27.277443 25.123
 19    49.542 52883.56548208 27.08 302.070074 -27.280723 25.123
 19    49.481 52883.56548273 28.94 302.069214 -27.284003 25.123
 19    49.644 52883.56548337 34.66 302.068364 -27.287293 25.123
 19    49.772 52883.56548402 43.96 302.067504 -27.290573 25.123
 19    49.795 52883.56548466 46.60 302.066654 -27.293863 25.123
 19    49.796 52883.56548531 51.28 302.065794 -27.297143 25.123
 20    50.277 52918.56543512 28.01 302.080818 -27.262987 33.420
 20    50.227 52918.56543576 28.31 302.079958 -27.266267 33.420
 20    50.232 52918.56543641 29.87 302.079108 -27.269547 33.420
 20    50.604 52918.56543705 35.45 302.078248 -27.272837 33.420
 20    50.553 52918.56543770 46.84 302.077398 -27.276117 33.420
 20    50.573 52918.56543834 52.44 302.076538 -27.279407 33.420
 20    50.503 52918.56543899 52.48 302.075688 -27.282687 33.420
 20    50.496 52918.56543963 52.96 302.074828 -27.285967 33.420
 20    50.525 52918.56544028 49.28 302.073978 -27.289257 33.420
 20    50.711 52918.56544092 45.25 302.073118 -27.292537 33.420
 20    50.562 52918.56544157 52.70 302.072268 -27.295827 33.420
 20    50.482 52918.56544221 51.56 302.071408 -27.299107 33.420
 21    50.277 52953.56539749 46.98 302.080313 -27.261065 44.386
 21    50.277 52953.56539814 48.24 302.079453 -27.264355 44.386
 21    50.189 52953.56539878 49.25 302.078603 -27.267635 44.386
 21    50.200 52953.56539943 47.66 302.077743 -27.270915 44.386
 21    50.230 52953.56540007 41.17 302.076893 -27.274205 44.386
 21    50.312 52953.56540071 43.05 302.076033 -27.277485 44.386
 21    50.306 52953.56540136 49.38 302.075183 -27.280775 44.386
 21    50.268 52953.56540200 50.66 302.074323 -27.284055 44.386
 21    50.185 52953.56540265 50.64 302.073473 -27.287335 44.386
 21    50.269 52953.56540329 39.70 302.072613 -27.290625 44.386
 21    50.307 52953.56540394 48.08 302.071753 -27.293905 44.386
 21    50.294 52953.56540458 50.92 302.070903 -27.297185 44.386
 21    50.208 52953.56540523 47.06 302.070043 -27.300475 44.386
 22    50.907 52988.56540686 25.23 302.086148 -27.264750 31.083
 22    50.695 52988.56540751 23.82 302.085298 -27.268030 31.083
 22    50.894 52988.56540815 23.12 302.084438 -27.271310 31.083
 22    51.194 52988.56540880 27.71 302.083588 -27.274600 31.083
 22    51.129 52988.56540944 27.07 302.082728 -27.277880 31.083
 22    51.251 52988.56541009 32.93 302.081868 -27.281170 31.083
 22    51.250 52988.56541073 38.01 302.081018 -27.284450 31.083
 22    51.295 52988.56541138 45.83 302.080158 -27.287730 31.083
 22    51.566 52988.56541202 51.63 302.079308 -27.291020 31.083
 22    51.302 52988.56541267 50.53 302.078448 -27.294300 31.083
 22    51.332 52988.56541331 50.22 302.077598 -27.297590 31.083
 22    51.188 52988.56541396 52.76 302.076738 -27.300870 31.083
 23    50.505 53023.56539330 51.40 302.085893 -27.261916 38.864
 23    50.554 53023.56539394 54.20 302.085043 -27.265206 38.864
 23    50.434 53023.56539459 54.08 302.084191 -27.268483 38.161
 23    50.631 53023.56539523 50.29 302.083331 -27.271773 38.161
 23    50.621 53023.56539587 46.37 302.082481 -27.275053 38.161
 23    50.494 53023.56539652 49.83 302.081621 -27.278333 38.161
 23    50.470 53023.56539716 52.53 302.080771 -27.281623 38.161
 23    50.385 53023.56539781 53.26 302.079911 -27.284903 38.161
 23    50.371 53023.56539845 54.43 302.079051 -27.288193 38.161
 23    50.491 53023.56539910 50.23 302.078201 -27.291473 38.161
 23    50.514 53023.56539974 50.28 302.077341 -27.294753 38.161
 23    50.603 53023.56540039 50.40 302.076491 -27.298043 38.161
 23    50.582 53023.56540103 51.56 302.075631 -27.301323 38.161
 24    50.263 53058.56538947 24.00 302.084293 -27.264331 26.931
 24    49.822 53058.56539012 21.42 302.083433 -27.267621 26.931
 24    49.964 53058.56539076 27.66 302.082584 -27.270895 26.462
 24    50.022 53058.56539141 27.05 302.081724 -27.274185 26.462
 24    50.062 53058.56539205 30.95 302.080874 -27.277465 26.462
 24    49.996 53058.56539269 34.26 302.080014 -27.280755 26.462
 24    49.820 53058.56539334 33.68 302.079164 -27.284035 26.462
 24    49.946 53058.56539398 31.97 302.078304 -27.287315 26.462
 24    50.036 53058.56539463 33.02 302.077444 -27.290605 26.462
 24    50.156 53058.56539527 32.86 302.076594 -27.293885 26.462
 24    49.932 53058.56539592 31.63 302.075734 -27.297165 26.462
 24    50.253 53058.56539656 32.77 302.074884 -27.300455 26.462
 25    49.916 53093.56542659 47.40 302.073546 -27.260896 16.353
 25    50.091 53093.56542723 43.71 302.072686 -27.264176 16.353
 25    50.049 53093.56542788 40.14 302.071836 -27.267466 16.353
 25    49.926 53093.56542852 34.42 302.070976 -27.270744 17.361
 25    50.392 53093.56542917 40.19 302.070126 -27.274034 17.361
 25    50.338 53093.56542981 34.58 302.069266 -27.277314 17.361
 25    49.695 53093.56543046 25.12 302.068416 -27.280594 17.361
 25    49.403 53093.56543110 24.65 302.067556 -27.283884 17.361
 25    49.618 53093.56543174 25.20 302.066706 -27.287164 17.361
 25    49.880 53093.56543239 28.15 302.065846 -27.290454 17.361
 25    49.883 53093.56543303 31.96 302.064996 -27.293734 17.361
 25    49.892 53093.56543368 30.48 302.064136 -27.297014 17.361
 25    50.084 53093.56543432 41.02 302.063286 -27.300304 17.361
 26    49.558 53128.56539760 22.58 302.080886 -27.261831 21.626
 26    49.283 53128.56539824 21.26 302.080026 -27.265111 21.626
 26    49.745 53128.56539889 21.67 302.079176 -27.268391 21.626
 26    49.731 53128.56539953 30.19 302.078316 -27.271681 21.626
 26    49.812 53128.56540018 30.63 302.077456 -27.274961 21.626
 26    49.842 53128.56540082 30.90 302.076606 -27.278251 21.626
 26    49.639 53128.56540147 29.89 302.075746 -27.281531 21.626
 26    49.713 53128.56540211 32.70 302.074896 -27.284811 21.626
 26    49.775 53128.56540275 40.88 302.074036 -27.288101 21.626
 26    49.630 53128.56540340 41.13 302.073180 -27.291376 26.582
 26    49.719 53128.56540404 45.76 302.072330 -27.294666 26.582
 26    49.838 53128.56540469 50.14 302.071470 -27.297946 26.582
 28    51.122 53198.56546519 45.84 302.078415 -27.261596 23.451
 28    50.832 53198.56546583 35.84 302.077565 -27.264876 23.451
 28    50.853 53198.56546648 27.61 302.076705 -27.268166 23.451
 28    50.639 53198.56546712 24.84 302.075855 -27.271446 23.451
 28    50.857 53198.56546777 24.79 302.074995 -27.274726 23.451
 28    50.910 53198.56546841 23.19 302.074135 -27.278016 23.451
 28    50.602 53198.56546905 21.13 302.073285 -27.281296 23.451
 28    50.627 53198.56546970 22.15 302.072425 -27.284576 23.451
 28    50.824 53198.56547034 22.27 302.071575 -27.287866 23.451
 28    50.817 53198.56547099 21.27 302.070715 -27.291146 23.451
 28    50.753 53198.56547163 21.78 302.069865 -27.294436 23.451
 28    50.747 53198.56547228 29.40 302.069005 -27.297716 23.451
 29    50.926 53233.56543787 30.02 302.086965 -27.263871 19.405
 29    50.180 53233.56543851 21.83 302.086115 -27.267151 19.405
 29    49.783 53233.56543916 23.77 302.085255 -27.270431 19.405
 29    49.997 53233.56543980 26.05 302.084405 -27.273721 19.405
 29    49.952 53233.56544045 30.99 302.083550 -27.276997 25.566
 29    49.942 53233.56544109 31.76 302.082690 -27.280287 25.566
 29    49.998 53233.56544174 34.42 302.081840 -27.283567 25.566
 29    50.035 53233.56544238 32.97 302.080980 -27.286847 25.566
 29    50.105 53233.56544302 31.07 302.080130 -27.290137 25.566
 29    50.120 53233.56544367 29.04 302.079270 -27.293417 25.566
 29    50.125 53233.56544431 25.78 302.078410 -27.296707 25.566
 29    50.387 53233.56544496 28.35 302.077560 -27.299987 25.566
 30    49.926 53268.56540519 21.52 302.081561 -27.261722 17.738
 30    49.761 53268.56540584 18.99 302.080707 -27.265000 20.834
 30    50.054 53268.56540648 21.38 302.079857 -27.268290 20.834
 30    50.092 53268.56540713 25.37 302.078997 -27.271570 20.834
 30    50.173 53268.56540777 25.42 302.078147 -27.274850 20.834
 30    50.118 53268.56540842 25.51 302.077287 -27.278140 20.834
 30    49.932 53268.56540906 28.03 302.076437 -27.281420 20.834
 30    49.929 53268.56540970 26.60 302.075577 -27.284710 20.834
 30    50.260 53268.56541035 28.36 302.074727 -27.287990 20.834
 30    50.053 53268.56541099 30.48 302.073867 -27.291270 20.834
 30    50.073 53268.56541164 31.34 302.073017 -27.294560 20.834
 30    49.978 53268.56541228 26.23 302.072157 -27.297840 20.834
 31    51.749 53303.56546450 41.23 302.067963 -27.262035 38.098
 31    51.699 53303.56546514 46.62 302.067103 -27.265325 38.098
 31    51.727 53303.56546579 40.53 302.066252 -27.268600 24.804
 31    51.699 53303.56546643 35.45 302.065392 -27.271890 24.804
 31    50.707 53303.56546708 44.71 302.064542 -27.275170 24.804
 31    51.709 53303.56546772 41.67 302.063682 -27.278460 24.804
 31    51.724 53303.56546837 30.36 302.062832 -27.281740 24.804
 31    51.118 53303.56546901 26.00 302.061972 -27.285020 24.804
 31    50.786 53303.56546965 25.69 302.061122 -27.288310 24.804
 31    57.831 53303.56547030 25.34 302.060262 -27.291590 24.804
 31    51.418 53303.56547094 26.48 302.059402 -27.294870 24.804
 31    51.562 53303.56547159 28.46 302.058552 -27.298160 24.804
 32    50.995 53338.56543328 24.43 302.078705 -27.260805 36.214
 32    51.053 53338.56543393 20.66 302.077845 -27.264085 36.214
 32    51.431 53338.56543457 22.03 302.076995 -27.267375 36.214
 32    51.455 53338.56543522 22.72 302.076141 -27.270651 25.117
 32    51.542 53338.56543586 26.37 302.075281 -27.273941 25.117
 32    51.439 53338.56543651 29.58 302.074431 -27.277221 25.117
 32    51.365 53338.56543715 21.06 302.073571 -27.280501 25.117
 32    51.426 53338.56543780 21.26 302.072721 -27.283791 25.117
 32    54.498 53338.56543844 21.68 302.071861 -27.287071 25.117
 32    51.208 53338.56543909 24.80 302.071001 -27.290361 25.117
 32    51.212 53338.56543973 28.51 302.070151 -27.293641 25.117
 32    51.169 53338.56544038 32.57 302.069291 -27.296921 25.117
 32    51.282 53338.56544102 44.05 302.068441 -27.300211 25.117
 33    50.817 53373.56536632 48.77 302.084117 -27.261306 38.623
 33    50.718 53373.56536696 51.57 302.083267 -27.264586 38.623
 33    50.636 53373.56536761 49.59 302.082407 -27.267866 38.623
 33    50.737 53373.56536825 49.52 302.081557 -27.271156 38.623
 33    50.662 53373.56536889 50.74 302.080699 -27.274433 37.299
 33    50.706 53373.56536954 49.41 302.079849 -27.277723 37.299
 33    50.594 53373.56537018 54.69 302.078989 -27.281003 37.299
 33    50.544 53373.56537083 50.83 302.078139 -27.284283 37.299
 33    50.572 53373.56537147 50.26 302.077279 -27.287573 37.299
 33    50.617 53373.56537212 52.00 302.076429 -27.290853 37.299
 33    50.709 53373.56537276 49.11 302.075569 -27.294143 37.299
 33    50.769 53373.56537341 51.09 302.074719 -27.297423 37.299
 33    50.569 53373.56537405 52.41 302.073859 -27.300703 37.299
 34    53.143 53408.56540649 31.22 302.080134 -27.259648 27.457
 34    52.959 53408.56540713 28.06 302.079274 -27.262928 27.457
 34    53.181 53408.56540777 24.77 302.078414 -27.266218 27.457
 34    53.061 53408.56540842 24.47 302.077565 -27.269493 17.425
 34    53.045 53408.56540906 24.77 302.076705 -27.272783 17.425
 34    53.333 53408.56540971 25.01 302.075855 -27.276063 17.425
 34    53.211 53408.56541035 26.06 302.074995 -27.279353 17.425
 34    52.789 53408.56541100 27.96 302.074145 -27.282633 17.425
 34    52.224 53408.56541164 28.21 302.073285 -27.285913 17.425
 34    51.803 53408.56541229 29.35 302.072425 -27.289203 17.425
 34    52.179 53408.56541293 26.07 302.071575 -27.292483 17.425
 34    52.673 53408.56541358 28.06 302.070715 -27.295763 17.425
 34    52.940 53408.56541422 31.25 302.069865 -27.299053 17.425
 35    50.079 53443.56539105 21.74 302.081784 -27.262585 25.731
 35    49.927 53443.56539170 20.95 302.080934 -27.265865 25.731
 35    50.100 53443.56539234 21.53 302.080074 -27.269155 25.731
 35    50.087 53443.56539299 28.11 302.079217 -27.272432 21.274
 35    50.206 53443.56539363 26.45 302.078367 -27.275722 21.274
 35    50.048 53443.56539427 26.69 302.077507 -27.279002 21.274
 35    50.122 53443.56539492 28.21 302.076657 -27.282282 21.274
 35    50.434 53443.56539556 27.22 302.075797 -27.285572 21.274
 35    50.503 53443.56539621 30.79 302.074947 -27.288852 21.274
 35    50.402 53443.56539685 31.25 302.074087 -27.292142 21.274
 35    50.250 53443.56539750 30.73 302.073237 -27.295422 21.274
 35    50.165 53443.56539814 29.45 302.072377 -27.298702 21.274
 36    50.598 53478.56546619 29.62 302.071025 -27.261057 31.120
 36    49.962 53478.56546683 33.15 302.070165 -27.264337 31.120
 36    50.161 53478.56546748 42.41 302.069305 -27.267627 31.120
 36    50.120 53478.56546812 44.22 302.068455 -27.270907 31.120
 36    51.202 53478.56546877 47.05 302.067595 -27.274187 31.120
 36    51.557 53478.56546941 36.89 302.066745 -27.277477 31.120
 36    50.181 53478.56547006 35.88 302.065885 -27.280757 31.120
 36    50.170 53478.56547070 34.68 302.065035 -27.284047 31.120
 36    49.965 53478.56547135 31.54 302.064175 -27.287327 31.120
 36    50.271 53478.56547199 46.02 302.063325 -27.290607 31.120
 36    50.117 53478.56547264 51.02 302.062465 -27.293897 31.120
 36    50.169 53478.56547328 48.64 302.061605 -27.297177 31.120
 36    50.216 53478.56547392 50.69 302.060755 -27.300457 31.120
 37    51.026 53513.56547510 34.55 302.078243 -27.260259 35.015
 37    50.822 53513.56547574 29.05 302.077383 -27.263539 35.015
 37    50.737 53513.56547639 26.41 302.076533 -27.266829 35.015
 37    50.834 53513.56547703 25.14 302.075676 -27.270104 25.196
 37    51.089 53513.56547768 32.48 302.074816 -27.273394 25.196
 37    51.056 53513.56547832 37.30 302.073966 -27.276674 25.196
 37    50.873 53513.56547897 25.08 302.073106 -27.279964 25.196
 37    50.527 53513.56547961 23.58 302.072256 -27.283244 25.196
 37    50.881 53513.56548025 22.68 302.071396 -27.286524 25.196
 37    50.927 53513.56548090 27.59 302.070536 -27.289814 25.196
 37    51.045 53513.56548154 23.96 302.069686 -27.293094 25.196
 37    50.899 53513.56548219 26.18 302.068826 -27.296374 25.196
 37    50.823 53513.56548283 30.14 302.067976 -27.299664 25.196
 38    51.020 53548.56549378 41.18 302.074701 -27.259038 36.714
 38    50.891 53548.56549443 33.61 302.073851 -27.262328 36.714
 38    50.817 53548.56549507 31.19 302.072999 -27.265602 20.737
 38    50.839 53548.56549572 26.74 302.072139 -27.268892 20.737
 38    51.259 53548.56549636 23.57 302.071289 -27.272172 20.737
 38    51.418 53548.56549701 38.64 302.070429 -27.275462 20.737
 38    51.733 53548.56549765 25.38 302.069569 -27.278742 20.737
 38    51.213 53548.56549830 23.40 302.068719 -27.282022 20.737
 38    50.977 53548.56549894 23.06 302.067859 -27.285312 20.737
 38    57.085 53548.56549958 22.46 302.067009 -27.288592 20.737
 38    57.426 53548.56550023 22.03 302.066149 -27.291872 20.737
 38    60.226 53548.56550087 21.24 302.065299 -27.295162 20.737
 38    50.814 53548.56550152 26.45 302.064439 -27.298442 20.737
 39    49.772 53583.56545955 40.30 302.080591 -27.260554 34.968
 39    49.740 53583.56546019 27.02 302.079741 -27.263844 34.968
 39    49.541 53583.56546084 24.72 302.078881 -27.267124 34.968
 39    49.856 53583.56546148 24.94 302.078031 -27.270414 34.968
 39    49.871 53583.56546213 27.78 302.077177 -27.273690 22.419
 39    49.950 53583.56546277 29.43 302.076317 -27.276980 22.419
 39    49.786 53583.56546342 27.02 302.075457 -27.280260 22.419
 39    49.519 53583.56546406 28.51 302.074607 -27.283540 22.419
 39    49.612 53583.56546471 30.44 302.073757 -27.286830 22.419
 39    49.777 53583.56546535 35.05 302.072897 -27.290110 22.419
 39    49.875 53583.56546600 34.50 302.072037 -27.293400 22.419
 39    49.899 53583.56546664 26.84 302.071187 -27.296680 22.419
 39    50.404 53583.56546729 30.62 302.070327 -27.299960 22.419
 40    49.801 53618.56541537 24.94 302.079574 -27.259502 31.262
 40    49.540 53618.56541601 21.23 302.078724 -27.262782 31.262
 40    49.621 53618.56541665 20.41 302.077874 -27.266062 31.262
 40    49.766 53618.56541730 26.12 302.077014 -27.269352 31.262
 40    49.997 53618.56541794 27.92 302.076158 -27.272630 18.540
 40    49.912 53618.56541859 30.93 302.075308 -27.275920 18.540
 40    50.298 53618.56541923 26.93 302.074448 -27.279200 18.540
 40    49.665 53618.56541988 25.50 302.073598 -27.282480 18.540
 40    49.780 53618.56542052 25.78 302.072738 -27.285770 18.540
 40    49.898 53618.56542117 32.45 302.071888 -27.289050 18.540
 40    49.903 53618.56542181 34.01 302.071028 -27.292340 18.540
 40    49.775 53618.56542246 26.84 302.070178 -27.295620 18.540
 40    50.010 53618.56542310 26.97 302.069318 -27.298900 18.540
 41    52.194 53653.56543838 33.42 302.076876 -27.259978 31.093
 41    52.084 53653.56543902 29.75 302.076016 -27.263268 31.093
 41    52.218 53653.56543967 37.25 302.075167 -27.266543 23.503
 41    52.272 53653.56544031 37.42 302.074307 -27.269833 23.503
 41    52.229 53653.56544096 35.12 302.073457 -27.273113 23.503
 41    52.194 53653.56544160 42.30 302.072597 -27.276403 23.503
 41    52.308 53653.56544225 29.72 302.071747 -27.279683 23.503
 41    51.440 53653.56544289 27.53 302.070887 -27.282963 23.503
 41    51.622 53653.56544354 25.86 302.070027 -27.286253 23.503
 41    51.784 53653.56544418 26.01 302.069177 -27.289533 23.503
 41    52.220 53653.56544483 35.84 302.068317 -27.292813 23.503
 41    52.158 53653.56544547 42.59 302.067467 -27.296103 23.503
 41    52.313 53653.56544612 46.11 302.066607 -27.299383 23.503
 42    46.631 53688.56543685 49.29 302.075970 -27.258961 34.634
 42    46.529 53688.56543749 52.05 302.075120 -27.262241 34.634
 42    46.482 53688.56543814 53.35 302.074260 -27.265521 34.634
 42    46.647 53688.56543878 51.93 302.073410 -27.268811 34.634
 42    46.709 53688.56543943 52.00 302.072555 -27.272088 36.190
 42    46.550 53688.56544007 44.33 302.071695 -27.275378 36.190
 42    46.544 53688.56544072 50.80 302.070845 -27.278658 36.190
 42    46.588 53688.56544136 53.29 302.069985 -27.281938 36.190
 42    46.649 53688.56544200 52.21 302.069135 -27.285228 36.190
 42    46.611 53688.56544265 53.50 302.068275 -27.288508 36.190
 42    46.515 53688.56544329 52.87 302.067415 -27.291798 36.190
 42    46.561 53688.56544394 52.47 302.066565 -27.295078 36.190
 42    46.642 53688.56544458 53.14 302.065705 -27.298358 36.190
 43    50.863 53723.56536235 41.76 302.083708 -27.263863 25.233
 43    50.827 53723.56536300 31.95 302.082858 -27.267143 25.233
 43    50.750 53723.56536364 25.47 302.081998 -27.270433 25.233
 43    50.969 53723.56536429 22.96 302.081140 -27.273710 24.457
 43    50.913 53723.56536493 22.75 302.080290 -27.277000 24.457
 43    50.804 53723.56536558 23.06 302.079430 -27.280280 24.457
 43    50.464 53723.56536622 22.60 302.078580 -27.283560 24.457
 43    51.024 53723.56536687 26.04 302.077720 -27.286850 24.457
 43    50.852 53723.56536751 38.38 302.076870 -27.290130 24.457
 43    50.836 53723.56536815 33.75 302.076010 -27.293420 24.457
 43    50.926 53723.56536880 43.01 302.075160 -27.296700 24.457
 43    50.977 53723.56536944 46.95 302.074300 -27.299980 24.457
 44    50.856 53758.56530066 47.21 302.082784 -27.263243 28.785
 44    50.855 53758.56530130 47.11 302.081931 -27.266518 41.844
 44    50.851 53758.56530195 44.89 302.081071 -27.269808 41.844
 44    50.871 53758.56530259 48.08 302.080221 -27.273088 41.844
 44    50.879 53758.56530324 46.76 302.079361 -27.276378 41.844
 44    50.675 53758.56530388 51.64 302.078511 -27.279658 41.844
 44    50.700 53758.56530453 51.02 302.077651 -27.282938 41.844
 44    50.758 53758.56530517 42.64 302.076801 -27.286228 41.844
 44    50.793 53758.56530581 43.15 302.075941 -27.289508 41.844
 44    50.815 53758.56530646 46.71 302.075081 -27.292788 41.844
 44    50.800 53758.56530710 50.41 302.074231 -27.296078 41.844
 44    50.697 53758.56530775 49.54 302.073371 -27.299358 41.844
 45    50.348 53793.56532160 48.58 302.083543 -27.261138 26.353
 45    50.373 53793.56532224 50.41 302.082683 -27.264418 26.353
 45    50.466 53793.56532288 46.50 302.081833 -27.267708 26.353
 45    50.545 53793.56532353 41.45 302.080979 -27.270984 38.485
 45    50.417 53793.56532417 34.36 302.080119 -27.274274 38.485
 45    50.315 53793.56532482 36.49 302.079269 -27.277554 38.485
 45    50.354 53793.56532546 39.96 302.078409 -27.280834 38.485
 45    50.373 53793.56532611 43.45 302.077559 -27.284124 38.485
 45    50.267 53793.56532675 48.14 302.076699 -27.287404 38.485
 45    50.308 53793.56532740 46.94 302.075839 -27.290694 38.485
 45    50.468 53793.56532804 48.80 302.074989 -27.293974 38.485
 45    50.451 53793.56532869 51.27 302.074129 -27.297254 38.485
 45    50.397 53793.56532933 49.49 302.073279 -27.300544 38.485
 46    51.528 53828.56529315 44.01 302.078999 -27.262155 29.303
 46    51.476 53828.56529379 42.05 302.078145 -27.265429 31.226
 46    51.375 53828.56529444 36.26 302.077285 -27.268719 31.226
 46    51.283 53828.56529508 33.24 302.076435 -27.271999 31.226
 46    51.314 53828.56529573 31.31 302.075575 -27.275289 31.226
 46    51.297 53828.56529637 33.96 302.074725 -27.278569 31.226
 46    50.965 53828.56529702 29.08 302.073865 -27.281849 31.226
 46    50.855 53828.56529766 27.22 302.073015 -27.285139 31.226
 46    51.190 53828.56529831 33.65 302.072155 -27.288419 31.226
 46    51.202 53828.56529895 45.20 302.071295 -27.291699 31.226
 46    51.216 53828.56529960 50.13 302.070445 -27.294989 31.226
 46    51.210 53828.56530024 49.73 302.069585 -27.298269 31.226
 47    50.341 53863.56537592 24.02 302.073616 -27.261692 30.475
 47    50.403 53863.56537656 28.67 302.072766 -27.264972 30.475
 47    50.376 53863.56537721 26.78 302.071906 -27.268252 30.475
 47    50.659 53863.56537785 24.60 302.071046 -27.271542 30.475
 47    51.199 53863.56537850 33.67 302.070196 -27.274822 30.475
 47    51.491 53863.56537914 31.84 302.069336 -27.278112 30.475
 47    50.494 53863.56537979 23.68 302.068483 -27.281386 19.462
 47    50.019 53863.56538043 23.14 302.067623 -27.284676 19.462
 47    49.794 53863.56538108 24.52 302.066773 -27.287956 19.462
 47    50.024 53863.56538172 26.54 302.065913 -27.291246 19.462
 47    49.853 53863.56538237 28.70 302.065063 -27.294526 19.462
 47    50.061 53863.56538301 34.37 302.064203 -27.297806 19.462
 48    49.786 53898.56539884 30.89 302.078523 -27.258633 36.501
 48    49.667 53898.56539949 25.88 302.077673 -27.261923 36.501
 48    49.836 53898.56540013 22.28 302.076816 -27.265198 21.715
 48    50.143 53898.56540078 22.32 302.075956 -27.268488 21.715
 48    50.020 53898.56540142 30.18 302.075106 -27.271768 21.715
 48    50.920 53898.56540207 35.65 302.074246 -27.275058 21.715
 48    51.074 53898.56540271 28.90 302.073386 -27.278338 21.715
 48    49.706 53898.56540335 26.28 302.072536 -27.281618 21.715
 48    49.507 53898.56540400 26.05 302.071676 -27.284908 21.715
 48    55.952 53898.56540464 25.69 302.070826 -27.288188 21.715
 48    56.548 53898.56540529 29.86 302.069966 -27.291468 21.715
 48    58.290 53898.56540593 25.88 302.069116 -27.294758 21.715
 48    60.065 53898.56540658 25.18 302.068256 -27.298038 21.715
 49    49.819 53933.56544581 38.27 302.068291 -27.262639 37.530
 49    49.934 53933.56544645 41.96 302.067431 -27.265919 37.530
 49    49.949 53933.56544710 45.36 302.066581 -27.269209 37.530
 49    49.989 53933.56544774 45.34 302.065721 -27.272489 37.530
 49    50.687 53933.56544838 39.35 302.064871 -27.275779 37.530
 49    49.954 53933.56544903 26.08 302.064013 -27.279054 18.381
 49    49.895 53933.56544967 24.93 302.063153 -27.282344 18.381
 49    49.671 53933.56545032 25.04 302.062303 -27.285624 18.381
 49    49.634 53933.56545096 24.03 302.061443 -27.288914 18.381
 49    49.749 53933.56545161 27.74 302.060593 -27.292194 18.381
 49    49.861 53933.56545225 36.03 302.059733 -27.295474 18.381
 49    49.940 53933.56545290 38.81 302.058873 -27.298764 18.381
 50    49.788 53968.56541754 22.16 302.074076 -27.260625 28.173
 50    50.306 53968.56541818 25.96 302.073216 -27.263915 28.173
 50    50.165 53968.56541883 28.05 302.072366 -27.267195 28.173
 50    50.125 53968.56541947 25.44 302.071506 -27.270485 28.173
 50    50.437 53968.56542012 32.31 302.070656 -27.273765 28.173
 50    50.096 53968.56542076 34.26 302.069796 -27.277045 28.173
 50    50.181 53968.56542141 24.80 302.068946 -27.280335 28.173
 50    50.102 53968.56542205 22.95 302.068090 -27.283611 14.307
 50    49.998 53968.56542270 23.33 302.067230 -27.286901 14.307
 50    49.927 53968.56542334 23.14 302.066380 -27.290181 14.307
 50    49.894 53968.56542399 25.43 302.065520 -27.293471 14.307
 50    49.941 53968.56542463 26.43 302.064670 -27.296751 14.307
 50    50.099 53968.56542528 28.52 302.063810 -27.300031 14.307
 51    50.077 54003.56538709 25.01 302.077731 -27.260184 30.875
 51    50.064 54003.56538773 21.62 302.076871 -27.263464 30.875
 51    50.137 54003.56538838 24.56 302.076021 -27.266744 30.875
 51    50.232 54003.56538902 29.33 302.075161 -27.270034 30.875
 51    50.342 54003.56538967 36.73 302.074311 -27.273314 30.875
 51    50.315 54003.56539031 34.81 302.073451 -27.276604 30.875
 51    50.068 54003.56539095 25.39 302.072592 -27.279878 23.032
 51    49.843 54003.56539160 26.10 302.071742 -27.283168 23.032
 51    50.046 54003.56539224 25.14 302.070882 -27.286448 23.032
 51    50.152 54003.56539289 28.74 302.070032 -27.289738 23.032
 51    49.980 54003.56539353 30.84 302.069172 -27.293018 23.032
 51    49.989 54003.56539418 28.07 302.068312 -27.296298 23.032
 51    50.244 54003.56539482 31.97 302.067462 -27.299588 23.032
 52    50.100 54038.56542287 43.17 302.079686 -27.262613 40.268
 52    50.202 54038.56542351 38.45 302.078826 -27.265893 40.268
 52    50.249 54038.56542415 41.66 302.077976 -27.269183 40.268
 52    50.174 54038.56542480 46.56 302.077116 -27.272463 40.268
 52    50.208 54038.56542544 46.85 302.076266 -27.275743 40.268
 52    50.215 54038.56542609 51.31 302.075406 -27.279033 40.268
 52    50.263 54038.56542673 51.50 302.074553 -27.282308 38.202
 52    50.218 54038.56542738 52.20 302.073693 -27.285598 38.202
 52    50.095 54038.56542802 52.71 302.072843 -27.288878 38.202
 52    50.152 54038.56542867 47.87 302.071983 -27.292168 38.202
 52    50.214 54038.56542931 51.24 302.071133 -27.295448 38.202
 52    50.306 54038.56542996 51.00 302.070273 -27.298728 38.202
 53    50.032 54073.56541673 27.46 302.080428 -27.260162 31.047
 53    49.878 54073.56541737 18.46 302.079568 -27.263452 31.047
 53    50.262 54073.56541802 19.90 302.078718 -27.266732 31.047
 53    50.530 54073.56541866 26.11 302.077858 -27.270022 31.047
 53    50.445 54073.56541931 31.49 302.077008 -27.273302 31.047
 53    50.581 54073.56541995 27.82 302.076148 -27.276582 31.047
 53    50.345 54073.56542060 24.70 302.075288 -27.279872 31.047
 53    50.273 54073.56542124 24.58 302.074440 -27.283149 33.291
 53    50.280 54073.56542189 31.60 302.073580 -27.286439 33.291
 53    50.330 54073.56542253 38.67 302.072730 -27.289719 33.291
 53    50.402 54073.56542318 38.41 302.071870 -27.292999 33.291
 53    50.317 54073.56542382 43.70 302.071020 -27.296289 33.291
 53    50.428 54073.56542447 42.46 302.070160 -27.299569 33.291
 54    50.552 54108.56536341 21.69 302.081344 -27.261007 26.660
 54    50.524 54108.56536406 19.71 302.080494 -27.264287 26.660
 54    50.366 54108.56536470 20.66 302.079634 -27.267577 26.660
 54    50.655 54108.56536535 21.37 302.078784 -27.270857 26.660
 54    50.859 54108.56536599 30.10 302.077924 -27.274147 26.660
 54    50.638 54108.56536664 33.53 302.077074 -27.277427 26.660
 54    50.648 54108.56536728 21.79 302.076214 -27.280707 26.660
 54    50.491 54108.56536792 20.17 302.075364 -27.283997 26.660
 54    50.691 54108.56536857 28.69 302.074504 -27.287275 21.156
 54    50.765 54108.56536921 29.10 302.073654 -27.290565 21.156
 54    50.863 54108.56536986 26.49 302.072794 -27.293845 21.156
 54    50.675 54108.56537050 31.25 302.071944 -27.297125 21.156
 54    50.755 54108.56537115 36.40 302.071084 -27.300415 21.156
 55    53.846 54143.56535297 36.87 302.077180 -27.258806 38.776
 55    53.523 54143.56535361 27.30 302.076330 -27.262086 38.776
 55    53.740 54143.56535426 27.87 302.075470 -27.265366 38.776
 55    53.630 54143.56535490 30.71 302.074610 -27.268656 38.776
 55    53.604 54143.56535555 27.53 302.073760 -27.271936 38.776
 55    53.830 54143.56535619 42.39 302.072900 -27.275226 38.776
 55    54.120 54143.56535684 32.00 302.072048 -27.278500 23.722
 55    53.074 54143.56535748 27.49 302.071188 -27.281790 23.722
 55    52.889 54143.56535813 25.00 302.070338 -27.285070 23.722
 55    52.991 54143.56535877 23.47 302.069478 -27.288360 23.722
 55    53.189 54143.56535942 22.69 302.068628 -27.291640 23.722
 55    53.383 54143.56536006 21.89 302.067768 -27.294920 23.722
 55    53.631 54143.56536071 25.36 302.066908 -27.298210 23.722
 56    50.983 54178.56534766 23.66 302.080080 -27.261097 35.112
 56    50.733 54178.56534830 20.48 302.079220 -27.264377 35.112
 56    51.306 54178.56534894 20.07 302.078370 -27.267667 35.112
 56    51.008 54178.56534959 19.80 302.077510 -27.270945 22.655
 56    51.394 54178.56535023 19.52 302.076660 -27.274235 22.655
 56    51.151 54178.56535088 20.36 302.075800 -27.277515 22.655
 56    51.210 54178.56535152 20.99 302.074950 -27.280795 22.655
 56    51.079 54178.56535217 21.72 302.074090 -27.284085 22.655
 56    51.469 54178.56535281 23.66 302.073240 -27.287365 22.655
 56    51.274 54178.56535346 22.41 302.072380 -27.290655 22.655
 56    51.228 54178.56535410 25.01 302.071530 -27.293935 22.655
 56    51.120 54178.56535475 32.52 302.070670 -27.297215 22.655
 56    51.479 54178.56535539 40.59 302.069820 -27.300505 22.655
 58    52.778 54248.56538886 26.85 302.077070 -27.261842 36.532
 58    52.886 54248.56538951 24.19 302.076220 -27.265132 36.532
 58    52.968 54248.56539015 23.07 302.075360 -27.268412 36.532
 58    52.890 54248.56539080 26.00 302.074500 -27.271702 36.532
 58    52.930 54248.56539144 37.41 302.073651 -27.274986 22.425
 58    53.098 54248.56539209 31.14 302.072791 -27.278266 22.425
 58    52.684 54248.56539273 28.15 302.071941 -27.281546 22.425
 58    52.864 54248.56539337 23.96 302.071081 -27.284836 22.425
 58    57.101 54248.56539402 23.89 302.070231 -27.288116 22.425
 58    57.455 54248.56539466 23.24 302.069371 -27.291396 22.425
 58    58.328 54248.56539531 24.02 302.068521 -27.294686 22.425
 58    56.619 54248.56539595 25.51 302.067661 -27.297966 22.425
 59    50.100 54283.56539746 25.96 302.079745 -27.259763 26.249
 59    50.025 54283.56539811 22.07 302.078895 -27.263043 26.249
 59    50.086 54283.56539875 26.44 302.078035 -27.266333 26.249
 59    50.187 54283.56539939 30.42 302.077175 -27.269613 26.249
 59    50.210 54283.56540004 37.43 302.076325 -27.272893 26.249
 59    50.133 54283.56540068 46.01 302.075465 -27.276183 26.249
 59    50.407 54283.56540133 46.22 302.074615 -27.279463 26.249
 59    50.135 54283.56540197 37.25 302.073755 -27.282743 26.249
 59    50.070 54283.56540262 34.76 302.072905 -27.286033 26.249
 59    50.031 54283.56540326 38.62 302.072045 -27.289313 26.249
 59    50.143 54283.56540391 37.60 302.071195 -27.292603 26.249
 59    50.112 54283.56540455 35.33 302.070335 -27.295883 26.249
 59    50.295 54283.56540520 38.63 302.069485 -27.299163 26.249
 60    50.168 54318.56539540 22.82 302.080370 -27.262333 36.001
 60    49.622 54318.56539604 19.74 302.079510 -27.265613 36.001
 60    50.377 54318.56539669 22.10 302.078660 -27.268903 36.001
 60    50.588 54318.56539733 30.27 302.077805 -27.272179 32.894
 60    50.505 54318.56539798 31.12 302.076945 -27.275469 32.894
 60    50.557 54318.56539862 28.07 302.076095 -27.278749 32.894
 60    50.378 54318.56539927 27.92 302.075235 -27.282039 32.894
 60    50.453 54318.56539991 28.23 302.074385 -27.285319 32.894
 60    50.487 54318.56540056 33.18 302.073525 -27.288599 32.894
 60    50.456 54318.56540120 39.64 302.072665 -27.291889 32.894
 60    50.377 54318.56540185 29.43 302.071815 -27.295169 32.894
 60    50.364 54318.56540249 32.57 302.070955 -27.298449 32.894
 61    49.926 54353.56535958 28.85 302.081443 -27.262289 26.019
 61    49.650 54353.56536022 22.86 302.080593 -27.265569 26.019
 61    49.956 54353.56536087 24.30 302.079733 -27.268849 26.019
 61    49.960 54353.56536151 25.20 302.078883 -27.272139 26.019
 61    50.189 54353.56536216 30.44 302.078022 -27.275416 25.204
 61    50.098 54353.56536280 35.35 302.077172 -27.278706 25.204
 61    50.138 54353.56536345 35.73 302.076312 -27.281986 25.204
 61    49.908 54353.56536409 35.03 302.075462 -27.285266 25.204
 61    50.067 54353.56536473 38.84 302.074602 -27.288556 25.204
 61    50.079 54353.56536538 37.34 302.073752 -27.291836 25.204
 61    49.945 54353.56536602 28.78 302.072892 -27.295126 25.204
 61    50.102 54353.56536667 25.31 302.072042 -27.298406 25.204
 62    50.442 54388.56533527 34.54 302.079325 -27.260485 32.326
 62    50.443 54388.56533592 33.00 302.078465 -27.263775 32.326
 62    50.432 54388.56533656 35.35 302.077615 -27.267055 32.326
 62    50.469 54388.56533721 38.70 302.076755 -27.270335 32.326
 62    50.482 54388.56533785 39.47 302.075895 -27.273625 32.326
 62    50.446 54388.56533850 42.59 302.075046 -27.276901 36.533
 62    50.460 54388.56533914 33.81 302.074186 -27.280191 36.533
 62    50.404 54388.56533979 31.19 302.073336 -27.283471 36.533
 62    50.389 54388.56534043 35.71 302.072476 -27.286761 36.533
 62    50.453 54388.56534108 38.49 302.071626 -27.290041 36.533
 62    50.339 54388.56534172 51.95 302.070766 -27.293321 36.533
 62    50.489 54388.56534237 51.63 302.069916 -27.296611 36.533
 62    50.483 54388.56534301 52.02 302.069056 -27.299891 36.533
 63    51.906 54423.56530947 51.43 302.079970 -27.260669 44.759
 63    52.061 54423.56531012 54.54 302.079120 -27.263949 44.759
 63    52.119 54423.56531076 47.05 302.078260 -27.267239 44.759
 63    52.072 54423.56531141 51.52 302.077410 -27.270519 44.759
 63    52.093 54423.56531205 50.42 302.076550 -27.273799 44.759
 63    51.929 54423.56531270 53.41 302.075700 -27.277089 44.759
 63    51.975 54423.56531334 52.56 302.074845 -27.280366 44.709
 63    52.033 54423.56531399 50.33 302.073985 -27.283656 44.709
 63    52.011 54423.56531463 52.60 302.073135 -27.286936 44.709
 63    51.904 54423.56531528 54.62 302.072275 -27.290216 44.709
 63    51.935 54423.56531592 51.95 302.071425 -27.293506 44.709
 63    52.000 54423.56531656 52.82 302.070565 -27.296786 44.709
 63    52.016 54423.56531721 51.92 302.069705 -27.300076 44.709
 64    50.280 54458.56531026 20.31 302.077139 -27.261859 23.990
 64    50.547 54458.56531091 17.78 302.076289 -27.265149 23.990
 64    50.768 54458.56531155 26.86 302.075429 -27.268429 23.990
 64    50.767 54458.56531220 29.53 302.074579 -27.271719 23.990
 64    50.767 54458.56531284 36.60 302.073719 -27.274999 23.990
 64    50.734 54458.56531349 29.96 302.072869 -27.278279 23.990
 64    50.285 54458.56531413 22.95 302.072009 -27.281569 23.990
 64    50.314 54458.56531478 20.75 302.071149 -27.284849 23.990
 64    50.385 54458.56531542 20.19 302.070299 -27.288129 23.990
 64    50.391 54458.56531607 21.36 302.069439 -27.291419 23.990
 64    50.432 54458.56531671 23.08 302.068589 -27.294699 23.990
 64    50.586 54458.56531736 26.28 302.067729 -27.297989 23.990
 65    50.131 54493.56531333 25.59 302.081174 -27.260322 36.598
 65    49.910 54493.56531397 19.29 302.080323 -27.263598 22.524
 65    49.956 54493.56531462 18.34 302.079463 -27.266888 22.524
 65    50.402 54493.56531526 20.37 302.078603 -27.270168 22.524
 65    50.408 54493.56531591 26.77 302.077753 -27.273458 22.524
 65    50.379 54493.56531655 29.71 302.076893 -27.276738 22.524
 65    50.309 54493.56531719 27.02 302.076043 -27.280018 22.524
 65    50.382 54493.56531784 24.68 302.075183 -27.283308 22.524
 65    50.257 54493.56531848 27.90 302.074333 -27.286588 22.524
 65    50.247 54493.56531913 33.15 302.073473 -27.289868 22.524
 65    50.337 54493.56531977 29.82 302.072623 -27.293158 22.524
 65    50.349 54493.56532042 24.34 302.071763 -27.296438 22.524
 65    50.487 54493.56532106 32.54 302.070913 -27.299728 22.524
 66    50.334 54528.56532284 21.82 302.079258 -27.261629 28.965
 66    50.053 54528.56532349 18.10 302.078398 -27.264909 28.965
 66    50.588 54528.56532413 22.02 302.077538 -27.268199 28.965
 66    50.717 54528.56532478 26.48 302.076688 -27.271479 28.965
 66    50.686 54528.56532542 32.10 302.075828 -27.274759 28.965
 66    50.702 54528.56532606 28.19 302.074978 -27.278049 28.965
 66    50.517 54528.56532671 23.13 302.074118 -27.281329 28.965
 66    50.469 54528.56532735 22.16 302.073268 -27.284619 28.965
 66    50.619 54528.56532800 23.69 302.072408 -27.287899 28.965
 66    50.676 54528.56532864 30.23 302.071558 -27.291179 28.965
 66    50.842 54528.56532929 25.01 302.070698 -27.294469 28.965
 66    50.476 54528.56532993 30.16 302.069838 -27.297749 28.965
 67    50.528 54563.56532036 46.26 302.080858 -27.261569 36.855
 67    50.640 54563.56532101 47.70 302.080008 -27.264859 36.855
 67    50.571 54563.56532165 48.79 302.079148 -27.268139 36.855
 67    50.706 54563.56532230 49.77 302.078298 -27.271429 36.855
 67    50.552 54563.56532294 51.84 302.077438 -27.274709 36.855
 67    50.532 54563.56532359 52.83 302.076588 -27.277989 36.855
 67    50.594 54563.56532423 53.82 302.075728 -27.281279 36.855
 67    50.540 54563.56532488 52.67 302.074878 -27.284559 36.855
 67    50.659 54563.56532552 50.41 302.074018 -27.287849 36.855
 67    50.485 54563.56532617 54.76 302.073168 -27.291129 36.855
 67    50.539 54563.56532681 51.69 302.072308 -27.294409 36.855
 67    50.586 54563.56532746 50.83 302.071458 -27.297699 36.855
 67    50.638 54563.56532810 50.26 302.070602 -27.300975 22.539
 68    50.476 54598.56531832 23.62 302.078201 -27.261594 26.545
 68    50.438 54598.56531896 23.11 302.077351 -27.264874 26.545
 68    51.089 54598.56531961 24.48 302.076491 -27.268154 26.545
 68    50.714 54598.56532025 32.87 302.075631 -27.271444 26.545
 68    50.691 54598.56532090 41.08 302.074781 -27.274724 26.545
 68    50.854 54598.56532154 37.50 302.073921 -27.278004 26.545
 68    50.754 54598.56532219 31.81 302.073071 -27.281294 26.545
 68    50.087 54598.56532283 28.36 302.072211 -27.284574 26.545
 68    50.290 54598.56532348 29.70 302.071361 -27.287864 26.545
 68    50.371 54598.56532412 42.52 302.070501 -27.291144 26.545
 68    50.434 54598.56532476 42.67 302.069651 -27.294424 26.545
 68    50.617 54598.56532541 40.50 302.068791 -27.297714 26.545
 69    50.409 54633.56533120 46.90 302.077531 -27.259423 30.393
 69    50.318 54633.56533184 47.91 302.076671 -27.262703 30.393
 69    50.486 54633.56533249 39.49 302.075821 -27.265983 30.393
 69    50.490 54633.56533313 31.44 302.074961 -27.269273 30.393
 69    50.734 54633.56533378 33.03 302.074111 -27.272553 30.393
 69    50.819 54633.56533442 34.10 302.073251 -27.275833 30.393
 69    50.370 54633.56533507 24.83 302.072401 -27.279123 30.393
 69    50.044 54633.56533571 25.23 302.071541 -27.282403 30.393
 69    49.878 54633.56533636 26.22 302.070691 -27.285693 30.393
 69    50.381 54633.56533700 26.05 302.069831 -27.288973 30.393
 69    50.275 54633.56533765 23.54 302.068981 -27.292253 30.393
 69    49.921 54633.56533829 23.18 302.068121 -27.295543 30.393
 69    50.463 54633.56533894 30.85 302.067261 -27.298823 30.393
 70    50.124 54668.56533601 24.43 302.078083 -27.259980 23.332
 70    49.933 54668.56533666 23.50 302.077233 -27.263270 23.332
 70    50.359 54668.56533730 22.20 302.076373 -27.266550 23.332
 70    50.409 54668.56533795 25.04 302.075523 -27.269830 23.332
 70    50.867 54668.56533859 34.11 302.074663 -27.273120 23.332
 70    50.965 54668.56533924 37.03 302.073813 -27.276400 23.332
 70    50.363 54668.56533988 26.97 302.072953 -27.279680 23.332
 70    49.868 54668.56534052 26.65 302.072103 -27.282970 23.332
 70    49.967 54668.56534117 27.01 302.071243 -27.286250 23.332
 70    50.000 54668.56534181 29.24 302.070393 -27.289540 23.332
 70    49.937 54668.56534246 25.68 302.069533 -27.292820 23.332
 70    49.952 54668.56534310 25.49 302.068683 -27.296100 23.332
 70    50.361 54668.56534375 26.24 302.067823 -27.299390 23.332
 71    51.050 54703.56530092 25.54 302.082221 -27.260992 19.778
 71    50.822 54703.56530156 20.08 302.081371 -27.264282 19.778
 71    50.726 54703.56530220 20.14 302.080511 -27.267562 19.778
 71    50.716 54703.56530285 19.56 302.079661 -27.270842 19.778
 71    50.939 54703.56530349 19.11 302.078801 -27.274132 19.778
 71    50.976 54703.56530414 18.94 302.077951 -27.277412 19.778
 71    50.707 54703.56530478 19.04 302.077091 -27.280702 19.778
 71    51.062 54703.56530543 19.64 302.076241 -27.283982 19.778
 71    51.185 54703.56530607 32.35 302.075381 -27.287262 19.778
 71    51.113 54703.56530672 30.75 302.074531 -27.290552 19.778
 71    50.856 54703.56530736 21.60 302.073671 -27.293832 19.778
 71    50.855 54703.56530801 24.20 302.072821 -27.297122 19.778
 71    51.063 54703.56530865 38.92 302.071961 -27.300402 19.778
 72    49.805 54738.56529850 17.91 302.077128 -27.260728 25.514
 72    49.873 54738.56529915 18.37 302.076278 -27.264008 25.514
 72    50.332 54738.56529979 19.48 302.075418 -27.267288 25.514
 72    50.684 54738.56530044 26.82 302.074558 -27.270578 25.514
 72    50.838 54738.56530108 33.56 302.073708 -27.273858 25.514
 72    51.328 54738.56530173 31.03 302.072848 -27.277138 25.514
 72    50.095 54738.56530237 28.22 302.071998 -27.280428 25.514
 72    49.596 54738.56530302 28.33 302.071138 -27.283708 25.514
 72    49.849 54738.56530366 27.74 302.070288 -27.286998 25.514
 72    49.799 54738.56530430 31.21 302.069428 -27.290278 25.514
 72    49.839 54738.56530495 28.16 302.068568 -27.293558 25.514
 72    49.849 54738.56530559 24.47 302.067718 -27.296848 25.514
 72    50.350 54738.56530624 29.11 302.066858 -27.300128 25.514
 73    52.187 54773.56528264 50.71 302.080993 -27.261404 44.428
 73    52.182 54773.56528329 51.63 302.080143 -27.264684 44.428
 73    52.154 54773.56528393 49.20 302.079283 -27.267974 44.428
 73    52.144 54773.56528458 51.66 302.078433 -27.271254 44.428
 73    52.014 54773.56528522 48.06 302.077573 -27.274544 44.428
 73    51.984 54773.56528587 50.59 302.076723 -27.277824 44.428
 73    52.015 54773.56528651 46.78 302.075863 -27.281104 44.428
 73    52.008 54773.56528716 36.54 302.075013 -27.284394 44.428
 73    52.099 54773.56528780 45.80 302.074153 -27.287674 44.428
 73    52.223 54773.56528844 32.67 302.073303 -27.290964 44.428
 73    51.921 54773.56528909 41.90 302.072443 -27.294244 44.428
 73    51.959 54773.56528973 51.81 302.071593 -27.297524 44.428
 73    52.019 54773.56529038 52.52 302.070733 -27.300814 44.428
 74    50.329 54808.56529121 31.35 302.076176 -27.259313 26.147
 74    50.347 54808.56529185 23.43 302.075326 -27.262593 26.147
 74    50.769 54808.56529250 30.07 302.074466 -27.265873 26.147
 74    50.659 54808.56529314 26.89 302.073606 -27.269163 26.147
 74    50.751 54808.56529378 29.43 302.072756 -27.272443 26.147
 74    50.807 54808.56529443 42.61 302.071896 -27.275723 26.147
 74    50.939 54808.56529507 29.58 302.071046 -27.279013 26.147
 74    50.049 54808.56529572 25.61 302.070186 -27.282293 26.147
 74    49.857 54808.56529636 24.86 302.069336 -27.285583 26.147
 74    49.952 54808.56529701 22.30 302.068476 -27.288863 26.147
 74    49.948 54808.56529765 23.67 302.067626 -27.292143 26.147
 74    50.007 54808.56529830 24.74 302.066766 -27.295433 26.147
 74    50.711 54808.56529894 26.78 302.065906 -27.298713 26.147
 75    50.060 54843.56528006 45.80 302.079845 -27.261008 36.707
 75    50.142 54843.56528071 42.61 302.078995 -27.264298 36.707
 75    50.278 54843.56528135 37.98 302.078135 -27.267578 36.707
 75    50.151 54843.56528200 34.78 302.077285 -27.270858 36.707
 75    49.994 54843.56528264 37.17 302.076425 -27.274148 36.707
 75    50.017 54843.56528329 46.08 302.075575 -27.277428 36.707
 75    50.054 54843.56528393 47.04 302.074715 -27.280708 36.707
 75    49.734 54843.56528458 35.82 302.073865 -27.283998 36.707
 75    49.801 54843.56528522 43.45 302.073005 -27.287278 36.707
 75    49.919 54843.56528587 47.26 302.072155 -27.290568 36.707
 75    50.070 54843.56528651 42.24 302.071295 -27.293848 36.707
 75    50.097 54843.56528715 44.62 302.070445 -27.297128 36.707
 75    50.004 54843.56528780 49.36 302.069585 -27.300418 36.707
 76    50.174 54878.56529482 37.26 302.076730 -27.259279 26.686
 76    50.230 54878.56529546 30.27 302.075870 -27.262569 26.686
 76    50.370 54878.56529611 28.94 302.075020 -27.265849 26.686
 76    50.305 54878.56529675 30.35 302.074160 -27.269129 26.686
 76    50.238 54878.56529740 30.27 302.073310 -27.272419 26.686
 76    50.111 54878.56529804 39.49 302.072450 -27.275699 26.686
 76    50.150 54878.56529868 30.87 302.071600 -27.278989 26.686
 76    50.013 54878.56529933 25.24 302.070740 -27.282269 26.686
 76    50.009 54878.56529997 23.66 302.069890 -27.285549 26.686
 76    50.172 54878.56530062 22.83 302.069030 -27.288839 26.686
 76    50.134 54878.56530126 23.88 302.068170 -27.292119 26.686
 76    50.146 54878.56530191 23.22 302.067320 -27.295399 26.686
 76    50.303 54878.56530255 26.90 302.066460 -27.298689 26.686
 77    49.889 54913.56528365 40.35 302.079729 -27.259322 36.343
 77    49.977 54913.56528430 42.97 302.078869 -27.262602 36.343
 77    49.801 54913.56528494 40.95 302.078019 -27.265882 36.343
 77    49.858 54913.56528558 38.23 302.077159 -27.269172 36.343
 77    49.850 54913.56528623 39.16 302.076309 -27.272452 36.343
 77    49.822 54913.56528687 45.87 302.075449 -27.275742 36.343
 77    49.734 54913.56528752 51.87 302.074599 -27.279022 36.343
 77    49.649 54913.56528816 52.11 302.073739 -27.282302 36.343
 77    49.794 54913.56528881 48.84 302.072889 -27.285592 36.343
 77    49.642 54913.56528945 49.12 302.072029 -27.288872 36.343
 77    49.800 54913.56529010 50.00 302.071179 -27.292162 36.343
 77    49.842 54913.56529074 50.95 302.070319 -27.295442 36.343
 77    49.952 54913.56529139 49.08 302.069469 -27.298722 36.343
 78    50.304 54948.56528663 47.32 302.076021 -27.261813 31.242
 78    50.217 54948.56528727 42.48 302.075171 -27.265093 31.242
 78    50.068 54948.56528791 35.28 302.074311 -27.268373 31.242
 78    50.005 54948.56528856 30.62 302.073461 -27.271663 31.242
 78    50.111 54948.56528920 29.87 302.072601 -27.274943 31.242
 78    50.003 54948.56528985 30.57 302.071751 -27.278233 31.242
 78    49.849 54948.56529049 29.78 302.070891 -27.281513 31.242
 78    50.122 54948.56529114 38.42 302.070041 -27.284793 31.242
 78    50.187 54948.56529178 50.40 302.069181 -27.288083 31.242
 78    50.150 54948.56529243 53.54 302.068321 -27.291363 31.242
 78    50.189 54948.56529307 48.13 302.067471 -27.294643 31.242
 78    50.067 54948.56529372 50.03 302.066611 -27.297933 31.242
 79    50.471 54983.56531197 42.21 302.077197 -27.258881 36.629
 79    50.393 54983.56531261 38.97 302.076337 -27.262161 36.629
 79    50.169 54983.56531326 28.56 302.075487 -27.265441 36.629
 79    50.156 54983.56531390 31.25 302.074627 -27.268731 36.629
 79    50.484 54983.56531455 39.35 302.073777 -27.272011 36.629
 79    50.620 54983.56531519 36.09 302.072917 -27.275291 36.629
 79    50.287 54983.56531584 28.43 302.072067 -27.278581 36.629
 79    50.208 54983.56531648 25.90 302.071207 -27.281861 36.629
 79    50.160 54983.56531713 26.76 302.070357 -27.285151 36.629
 79    50.525 54983.56531777 43.87 302.069497 -27.288431 36.629
 79    50.522 54983.56531842 51.74 302.068647 -27.291711 36.629
 79    50.393 54983.56531906 48.64 302.067787 -27.295001 36.629
 79    50.414 54983.56531971 40.99 302.066927 -27.298281 36.629
 80    50.010 55018.56530958 33.58 302.079402 -27.261013 27.555
 80    49.901 55018.56531023 23.24 302.078542 -27.264293 27.555
 80    50.043 55018.56531087 22.53 302.077682 -27.267583 27.555
 80    50.088 55018.56531152 27.75 302.076832 -27.270863 27.555
 80    50.034 55018.56531216 28.44 302.075972 -27.274153 27.555
 80    50.060 55018.56531281 28.62 302.075122 -27.277433 27.555
 80    49.904 55018.56531345 29.06 302.074262 -27.280713 27.555
 80    49.819 55018.56531410 28.38 302.073412 -27.284003 27.555
 80    49.993 55018.56531474 31.56 302.072552 -27.287283 27.555
 80    50.086 55018.56531539 38.59 302.071702 -27.290573 27.555
 80    50.033 55018.56531603 32.22 302.070842 -27.293853 27.555
 80    49.911 55018.56531668 25.98 302.069992 -27.297133 27.555
 80    50.086 55018.56531732 31.89 302.069132 -27.300423 27.555
 81    51.368 55053.56530468 48.19 302.080888 -27.259870 37.127
 81    51.262 55053.56530533 51.94 302.080028 -27.263150 37.127
 81    51.284 55053.56530597 46.42 302.079178 -27.266440 37.127
 81    51.425 55053.56530662 43.14 302.078318 -27.269720 37.127
 81    51.407 55053.56530726 44.63 302.077468 -27.273000 37.127
 81    51.385 55053.56530790 39.56 302.076608 -27.276290 37.127
 81    51.235 55053.56530855 40.74 302.075758 -27.279570 37.127
 81    51.250 55053.56530919 40.93 302.074898 -27.282850 37.127
 81    51.351 55053.56530984 44.14 302.074048 -27.286140 37.127
 81    51.277 55053.56531048 52.18 302.073188 -27.289420 37.127
 81    51.212 55053.56531113 52.38 302.072338 -27.292710 37.127
 81    51.320 55053.56531177 51.23 302.071478 -27.295990 37.127
 81    51.322 55053.56531242 52.95 302.070628 -27.299270 37.127
 82    52.099 55088.56526724 47.90 302.080170 -27.262101 24.326
 82    52.165 55088.56526788 45.67 302.079310 -27.265381 24.326
 82    52.175 55088.56526853 35.88 302.078460 -27.268661 24.326
 82    51.607 55088.56526917 31.72 302.077600 -27.271951 24.326
 82    51.276 55088.56526981 30.81 302.076750 -27.275231 24.326
 82    50.497 55088.56527046 30.61 302.075890 -27.278521 24.326
 82    49.800 55088.56527110 29.70 302.075040 -27.281801 24.326
 82    50.383 55088.56527175 27.55 302.074180 -27.285081 24.326
 82    51.991 55088.56527239 33.91 302.073330 -27.288371 24.326
 82    51.916 55088.56527304 26.05 302.072470 -27.291651 24.326
 82    52.086 55088.56527368 31.52 302.071620 -27.294941 24.326
 82    52.031 55088.56527433 38.72 302.070760 -27.298221 24.326
 83    53.033 55123.56524178 38.96 302.078978 -27.259395 27.172
 83    52.822 55123.56524243 38.00 302.078118 -27.262675 27.172
 83    52.808 55123.56524307 34.07 302.077258 -27.265965 27.172
 83    52.758 55123.56524372 30.78 302.076408 -27.269245 27.172
 83    52.809 55123.56524436 29.54 302.075548 -27.272525 27.172
 83    52.846 55123.56524501 34.63 302.074698 -27.275815 27.172
 83    52.877 55123.56524565 29.23 302.073838 -27.279095 27.172
 83    52.473 55123.56524630 27.90 302.072988 -27.282385 27.172
 83    52.378 55123.56524694 26.97 302.072128 -27.285665 27.172
 83    52.639 55123.56524759 26.47 302.071278 -27.288945 27.172
 83    52.788 55123.56524823 38.79 302.070418 -27.292235 27.172
 83    52.847 55123.56524888 46.63 302.069558 -27.295515 27.172
 83    52.928 55123.56524952 45.76 302.068708 -27.298795 27.172
 84    52.525 55158.56522755 28.94 302.079343 -27.260253 18.150
 84    52.330 55158.56522819 25.28 302.078483 -27.263533 18.150
 84    52.644 55158.56522884 23.35 302.077633 -27.266813 18.150
 84    52.393 55158.56522948 24.26 302.076773 -27.270103 18.150
 84    52.707 55158.56523012 23.91 302.075923 -27.273383 18.150
 84    52.652 55158.56523077 29.18 302.075063 -27.276673 18.150
 84    52.647 55158.56523141 26.06 302.074213 -27.279953 18.150
 84    52.231 55158.56523206 25.45 302.073353 -27.283233 18.150
 84    51.571 55158.56523270 26.96 302.072503 -27.286523 18.150
 84    51.330 55158.56523335 27.25 302.071643 -27.289803 18.150
 84    51.919 55158.56523399 26.88 302.070793 -27.293093 18.150
 84    52.223 55158.56523464 25.78 302.069933 -27.296373 18.150
 84    52.464 55158.56523528 28.32 302.069083 -27.299653 18.150
 85    53.856 55193.56523175 36.87 302.076055 -27.261043 35.945
 85    53.754 55193.56523240 38.51 302.075195 -27.264323 35.945
 85    53.873 55193.56523304 44.89 302.074335 -27.267613 35.945
 85    53.874 55193.56523369 45.05 302.073485 -27.270893 35.945
 85    53.855 55193.56523433 49.29 302.072625 -27.274173 35.945
 85    53.871 55193.56523497 49.02 302.071775 -27.277463 35.945
 85    53.881 55193.56523562 51.00 302.070915 -27.280743 35.945
 85    53.840 55193.56523626 48.65 302.070065 -27.284033 35.945
 85    53.816 55193.56523691 48.28 302.069205 -27.287313 35.945
 85    53.878 55193.56523755 51.29 302.068355 -27.290593 35.945
 85    53.741 55193.56523820 52.81 302.067495 -27.293883 35.945
 85    53.740 55193.56523884 52.42 302.066635 -27.297163 35.945
 85    53.780 55193.56523949 50.66 302.065785 -27.300443 35.945
 86    53.790 55228.56523027 26.86 302.079106 -27.262218 13.859
 86    53.601 55228.56523091 27.40 302.078246 -27.265508 13.859
 86    53.819 55228.56523156 26.42 302.077396 -27.268788 13.859
 86    53.955 55228.56523220 26.17 302.076536 -27.272078 13.859
 86    53.998 55228.56523285 27.07 302.075686 -27.275358 13.859
 86    54.057 55228.56523349 27.02 302.074826 -27.278638 13.859
 86    53.629 55228.56523414 29.69 302.073976 -27.281928 13.859
 86    53.369 55228.56523478 28.80 302.073116 -27.285208 13.859
 86    52.739 55228.56523543 29.16 302.072266 -27.288498 13.859
 86    52.503 55228.56523607 29.32 302.071406 -27.291778 13.859
 86    53.128 55228.56523672 27.08 302.070556 -27.295058 13.859
 86    53.678 55228.56523736 26.55 302.069696 -27.298348 13.859
 87    51.585 55263.56522688 49.09 302.078992 -27.260836 33.107
 87    51.496 55263.56522753 48.08 302.078142 -27.264116 33.107
 87    51.405 55263.56522817 46.25 302.077282 -27.267406 33.107
 87    51.307 55263.56522882 41.15 302.076432 -27.270686 33.107
 87    51.084 55263.56522946 36.18 302.075572 -27.273966 33.107
 87    51.576 55263.56523011 33.27 302.074722 -27.277256 33.107
 87    51.387 55263.56523075 30.31 302.073862 -27.280536 33.107
 87    51.189 55263.56523140 26.64 302.073012 -27.283826 33.107
 87    51.515 55263.56523204 25.18 302.072152 -27.287106 33.107
 87    51.464 55263.56523269 29.52 302.071292 -27.290386 33.107
 87    51.659 55263.56523333 43.10 302.070442 -27.293676 33.107
 87    51.752 55263.56523398 48.91 302.069582 -27.296956 33.107
 87    51.605 55263.56523462 51.45 302.068732 -27.300246 33.107
 88    52.605 55298.56521258 26.02 302.081184 -27.262112 20.351
 88    52.597 55298.56521323 24.28 302.080334 -27.265402 20.351
 88    52.374 55298.56521387 24.22 302.079474 -27.268682 20.351
 88    52.574 55298.56521452 23.50 302.078624 -27.271962 20.351
 88    52.588 55298.56521516 23.82 302.077764 -27.275252 20.351
 88    52.508 55298.56521581 23.84 302.076914 -27.278532 20.351
 88    52.505 55298.56521645 25.01 302.076054 -27.281822 20.351
 88    52.736 55298.56521709 25.48 302.075204 -27.285102 20.351
 88    52.948 55298.56521774 40.12 302.074344 -27.288382 20.351
 88    53.556 55298.56521838 27.95 302.073494 -27.291672 20.351
 88    52.381 55298.56521903 24.50 302.072634 -27.294952 20.351
 88    52.566 55298.56521967 26.01 302.071784 -27.298242 20.351
 89    51.309 55333.56520515 28.63 302.078226 -27.259909 21.849
 89    51.340 55333.56520579 22.04 302.077376 -27.263199 21.849
 89    51.667 55333.56520643 24.67 302.076516 -27.266479 21.849
 89    51.547 55333.56520708 28.03 302.075666 -27.269759 21.849
 89    51.587 55333.56520772 33.09 302.074806 -27.273049 21.849
 89    51.690 55333.56520837 36.89 302.073956 -27.276329 21.849
 89    51.494 55333.56520901 26.97 302.073096 -27.279609 21.849
 89    51.180 55333.56520966 21.60 302.072246 -27.282899 21.849
 89    51.227 55333.56521030 21.56 302.071386 -27.286179 21.849
 89    55.576 55333.56521095 22.60 302.070536 -27.289469 21.849
 89    51.450 55333.56521159 22.37 302.069676 -27.292749 21.849
 89    51.417 55333.56521224 25.86 302.068826 -27.296029 21.849
 89    51.361 55333.56521288 34.48 302.067966 -27.299319 21.849
 90    50.707 55368.56519716 22.84 302.079740 -27.261962 19.623
 90    50.527 55368.56519781 20.87 302.078890 -27.265242 19.623
 90    51.031 55368.56519845 20.54 302.078030 -27.268532 19.623
 90    51.191 55368.56519910 21.35 302.077180 -27.271812 19.623
 90    51.105 55368.56519974 25.27 302.076320 -27.275102 19.623
 90    50.997 55368.56520039 22.79 302.075470 -27.278382 19.623
 90    50.807 55368.56520103 22.81 302.074610 -27.281662 19.623
 90    51.035 55368.56520167 23.81 302.073760 -27.284952 19.623
 90    51.110 55368.56520232 29.51 302.072900 -27.288232 19.623
 90    51.104 55368.56520296 25.59 302.072050 -27.291522 19.623
 90    50.834 55368.56520361 21.39 302.071190 -27.294802 19.623
 90    50.879 55368.56520425 29.33 302.070340 -27.298082 19.623
 91    51.009 55403.56521267 31.74 302.077539 -27.261811 27.573
 91    51.119 55403.56521331 31.22 302.076689 -27.265091 27.573
 91    51.180 55403.56521396 32.61 302.075829 -27.268371 27.573
 91    51.225 55403.56521460 31.97 302.074969 -27.271661 27.573
 91    51.039 55403.56521525 41.14 302.074119 -27.274941 27.573
 91    51.053 55403.56521589 30.29 302.073259 -27.278221 27.573
 91    50.703 55403.56521654 27.86 302.072409 -27.281511 27.573
 91    51.023 55403.56521718 29.33 302.071549 -27.284791 27.573
 91    50.994 55403.56521783 36.42 302.070699 -27.288081 27.573
 91    51.042 55403.56521847 47.84 302.069839 -27.291361 27.573
 91    51.142 55403.56521911 51.88 302.068989 -27.294641 27.573
 91    51.141 55403.56521976 51.42 302.068129 -27.297931 27.573
 92    50.017 55438.56521505 39.04 302.080804 -27.262724 35.633
 92    50.126 55438.56521570 36.36 302.079954 -27.266014 35.633
 92    50.271 55438.56521634 42.64 302.079094 -27.269294 35.633
 92    50.162 55438.56521698 44.98 302.078244 -27.272574 35.633
 92    50.162 55438.56521763 48.83 302.077384 -27.275864 35.633
 92    50.186 55438.56521827 41.63 302.076534 -27.279144 35.633
 92    50.112 55438.56521892 48.35 302.075674 -27.282434 35.633
 92    50.149 55438.56521956 48.69 302.074824 -27.285714 35.633
 92    49.979 55438.56522021 48.50 302.073964 -27.288994 35.633
 92    50.193 55438.56522085 48.73 302.073114 -27.292284 35.633
 92    50.149 55438.56522150 49.31 302.072254 -27.295564 35.633
 92    50.204 55438.56522214 50.57 302.071404 -27.298844 35.633
 93    50.271 55473.56516308 37.81 302.081727 -27.262714 32.646
 93    50.330 55473.56516372 25.14 302.080867 -27.265994 32.646
 93    50.327 55473.56516437 24.95 302.080017 -27.269274 32.646
 93    50.488 55473.56516501 31.57 302.079157 -27.272564 32.646
 93    50.508 55473.56516566 35.06 302.078307 -27.275844 32.646
 93    50.455 55473.56516630 42.55 302.077447 -27.279134 32.646
 93    50.319 55473.56516695 44.63 302.076597 -27.282414 32.646
 93    50.357 55473.56516759 30.91 302.075737 -27.285694 32.646
 93    50.373 55473.56516823 35.26 302.074887 -27.288984 32.646
 93    50.440 55473.56516888 36.53 302.074027 -27.292264 32.646
 93    50.418 55473.56516952 27.53 302.073177 -27.295554 32.646
 93    50.444 55473.56517017 27.76 302.072317 -27.298834 32.646
