#    0.000   0.000   0.000 ;Mean Elev.(m), Avg Gradient(m/km), RMS Gradient(m/km) - SRTM1     
#    0.000   0.000   0.000 ;Mean Elev.(m), Avg Gradient(m/km), RMS Gradient(m/km) - ASTER GDEM
#    0.442   0.093   0.830 ;Mean Elev.(m), Avg Gradient(m/km), RMS Gradient(m/km) - GMTED2010 
  8     2.897 52498.56659867 27.35 300.344689 -33.621190 27.689
  8     2.710 52498.56659931 23.72 300.343749 -33.624460 27.689
  8     2.600 52498.56659996 23.73 300.342809 -33.627730 27.689
  8     2.622 52498.56660060 23.96 300.341869 -33.631000 27.689
  8     3.013 52498.56660125 28.98 300.340919 -33.634280 27.689
 10     3.738 52568.56661272 29.50 300.342357 -33.617482 39.580
 10     3.323 52568.56661336 28.99 300.341417 -33.620762 39.580
 10     3.112 52568.56661400 26.82 300.340477 -33.624032 39.580
 10     3.106 52568.56661465 27.19 300.339538 -33.627304 29.801
 10     3.327 52568.56661529 28.43 300.338598 -33.630574 29.801
 11     2.918 52603.56660429 22.88 300.341131 -33.618733 26.779
 11     2.687 52603.56660494 21.89 300.340191 -33.622003 26.779
 11     2.738 52603.56660558 20.24 300.339251 -33.625273 26.779
 11     2.719 52603.56660623 21.86 300.338310 -33.628547 21.615
 11     3.003 52603.56660687 22.45 300.337370 -33.631817 21.615
 12     3.908 52638.56657981 30.71 300.337183 -33.615222 33.322
 12     3.588 52638.56658045 30.92 300.336233 -33.618492 33.322
 12     3.801 52638.56658110 27.06 300.335293 -33.621772 33.322
 12     3.834 52638.56658174 28.67 300.334353 -33.625042 33.322
 12     3.804 52638.56658238 28.70 300.333413 -33.628312 33.322
 12     3.827 52638.56658303 30.64 300.332473 -33.631582 33.322
 13     2.983 52673.56657928 22.55 300.342202 -33.620114 28.380
 13     2.823 52673.56657993 22.08 300.341262 -33.623394 28.380
 13     2.784 52673.56658057 21.63 300.340322 -33.626664 28.380
 13     2.928 52673.56658122 22.47 300.339379 -33.629937 24.072
 13     3.235 52673.56658186 31.10 300.338439 -33.633207 24.072
 14     3.844 52708.56658937 39.16 300.339464 -33.617679 28.842
 14     3.313 52708.56659002 35.18 300.338524 -33.620949 28.842
 14     3.280 52708.56659066 37.71 300.337584 -33.624229 28.842
 14     3.385 52708.56659131 39.24 300.336634 -33.627499 28.842
 14     3.499 52708.56659195 41.29 300.335694 -33.630769 28.842
 15     3.726 52743.56661886 33.43 300.338032 -33.616549 38.975
 15     3.402 52743.56661951 28.58 300.337092 -33.619819 38.975
 15     3.314 52743.56662015 26.90 300.336142 -33.623089 38.975
 15     3.588 52743.56662080 24.28 300.335202 -33.626359 38.975
 15     3.515 52743.56662144 28.06 300.334262 -33.629639 38.975
 17     3.431 52813.56663839 31.05 300.335946 -33.614821 27.385
 17     3.038 52813.56663904 23.42 300.334996 -33.618101 27.385
 17     2.809 52813.56663968 20.38 300.334056 -33.621371 27.385
 17     2.640 52813.56664032 21.21 300.333116 -33.624641 27.385
 17     2.879 52813.56664097 22.09 300.332176 -33.627911 27.385
 17     3.031 52813.56664161 24.55 300.331236 -33.631191 27.385
 18     3.091 52848.56669207 32.15 300.338801 -33.616250 19.059
 18     2.639 52848.56669271 24.54 300.337861 -33.619520 19.059
 18     2.328 52848.56669336 21.72 300.336911 -33.622800 19.059
 18     2.366 52848.56669400 23.47 300.335971 -33.626070 19.059
 18     2.846 52848.56669464 23.02 300.335031 -33.629340 19.059
 19     3.428 52883.56672824 23.25 300.338927 -33.617938 12.425
 19     2.313 52883.56672889 20.56 300.337987 -33.621208 12.425
 19     2.103 52883.56672953 20.27 300.337047 -33.624488 12.425
 19     2.047 52883.56673018 21.15 300.336107 -33.627758 12.425
 19     2.448 52883.56673082 24.03 300.335167 -33.631028 12.425
 20     2.642 52918.56668514 19.93 300.344992 -33.619977 29.463
 20     2.374 52918.56668579 19.70 300.344052 -33.623247 29.463
 20     1.978 52918.56668643 19.37 300.343112 -33.626527 29.463
 20     1.879 52918.56668708 21.18 300.342172 -33.629797 29.463
 20     2.177 52918.56668772 25.56 300.341232 -33.633067 29.463
 21     2.943 52953.56664752 17.92 300.343139 -33.617870 26.741
 21     2.295 52953.56664816 15.51 300.342199 -33.621140 26.741
 21     2.086 52953.56664881 16.27 300.341259 -33.624420 26.741
 21     2.163 52953.56664945 15.96 300.340309 -33.627690 26.741
 21     2.299 52953.56665010 22.09 300.339369 -33.630960 26.741
 22     2.174 52988.56665754 16.30 300.348662 -33.624971 25.614
 22     1.796 52988.56665818 19.47 300.347722 -33.628251 25.614
 22     1.868 52988.56665882 24.73 300.346782 -33.631521 25.614
 22     2.286 52988.56665947 25.08 300.345842 -33.634791 25.614
 23     3.162 53023.56664397 28.71 300.349032 -33.622271 28.589
 23     3.028 53023.56664461 18.44 300.348092 -33.625541 28.589
 23     2.587 53023.56664526 19.28 300.347150 -33.628815 27.983
 23     2.673 53023.56664590 21.03 300.346210 -33.632085 27.983
 23     3.046 53023.56664655 24.94 300.345270 -33.635355 27.983
 24     2.948 53058.56663950 15.44 300.347628 -33.621127 17.065
 24     2.518 53058.56664014 17.59 300.346688 -33.624407 17.065
 24     1.899 53058.56664079 20.05 300.345748 -33.627677 17.065
 24     1.654 53058.56664143 23.38 300.344808 -33.630948 26.372
 24     2.297 53058.56664208 21.81 300.343868 -33.634218 26.372
 25     2.864 53093.56667661 15.39 300.337927 -33.618034 20.678
 25     1.991 53093.56667726 16.58 300.336987 -33.621314 20.678
 25     2.030 53093.56667790 21.73 300.336037 -33.624584 20.678
 25     2.019 53093.56667855 20.51 300.335097 -33.627854 20.678
 25     1.931 53093.56667919 24.02 300.334158 -33.631129 13.925
 26     2.883 53128.56664762 15.30 300.343990 -33.618705 19.365
 26     2.643 53128.56664827 15.52 300.343050 -33.621975 19.365
 26     2.410 53128.56664891 17.74 300.342110 -33.625245 19.365
 26     2.468 53128.56664956 18.89 300.341170 -33.628515 19.365
 26     2.826 53128.56665020 21.55 300.340220 -33.631795 19.365
 28     2.675 53198.56671521 22.07 300.342034 -33.618384 32.967
 28     2.509 53198.56671586 22.36 300.341094 -33.621654 32.967
 28     2.245 53198.56671650 23.00 300.340154 -33.624934 32.967
 28     2.210 53198.56671715 22.99 300.339214 -33.628204 32.967
 28     2.554 53198.56671779 22.82 300.338274 -33.631474 32.967
 29     3.146 53233.56668854 19.95 300.349951 -33.624113 18.931
 29     2.332 53233.56668918 17.78 300.349011 -33.627383 18.931
 29     2.314 53233.56668983 19.96 300.348071 -33.630663 18.931
 29     2.420 53233.56669047 20.07 300.347131 -33.633933 18.931
 29     2.593 53233.56669112 29.18 300.346185 -33.637205 18.153
 30     2.614 53268.56665586 13.32 300.345439 -33.622115 18.871
 30     1.894 53268.56665651 16.45 300.344497 -33.625389 29.415
 30     2.008 53268.56665715 17.72 300.343557 -33.628659 29.415
 30     2.142 53268.56665780 25.20 300.342617 -33.631939 29.415
 31     2.597 53303.56671388 17.28 300.332026 -33.615569 17.171
 31     2.028 53303.56671452 23.40 300.331086 -33.618839 17.171
 31     2.113 53303.56671517 31.20 300.330146 -33.622119 17.171
 31     2.130 53303.56671581 31.00 300.329206 -33.625389 17.171
 31     2.075 53303.56671646 23.65 300.328264 -33.628660 15.921
 32     3.210 53338.56668331 43.15 300.342684 -33.617770 27.430
 32     3.131 53338.56668396 37.01 300.341744 -33.621040 27.430
 32     3.024 53338.56668460 37.80 300.340804 -33.624320 27.430
 32     3.043 53338.56668524 47.09 300.339864 -33.627590 27.430
 32     3.097 53338.56668589 48.77 300.338920 -33.630863 27.817
 33     3.044 53373.56661699 19.95 300.347824 -33.621666 25.411
 33     2.695 53373.56661763 20.09 300.346884 -33.624946 25.411
 33     2.434 53373.56661828 21.22 300.345944 -33.628216 25.411
 33     2.726 53373.56661892 21.22 300.344994 -33.631486 25.411
 33     2.890 53373.56661957 28.31 300.344057 -33.634760 30.878
 34     3.096 53408.56665716 18.85 300.342603 -33.619773 28.207
 34     2.634 53408.56665780 17.69 300.341663 -33.623043 28.207
 34     2.424 53408.56665845 18.55 300.340723 -33.626313 28.207
 34     2.661 53408.56665909 19.52 300.339783 -33.629585 25.706
 34     3.026 53408.56665974 24.17 300.338843 -33.632855 25.706
 35     3.131 53443.56664108 37.70 300.346435 -33.619708 32.857
 35     3.093 53443.56664172 33.54 300.345495 -33.622988 32.857
 35     2.762 53443.56664237 33.89 300.344555 -33.626258 32.857
 35     2.997 53443.56664301 33.97 300.343615 -33.629528 32.857
 35     3.032 53443.56664366 38.39 300.342669 -33.632803 26.563
 36     2.996 53478.56671557 39.71 300.335207 -33.614718 18.804
 36     2.703 53478.56671622 33.26 300.334267 -33.617988 18.804
 36     2.780 53478.56671686 34.76 300.333327 -33.621258 18.804
 36     2.882 53478.56671750 39.66 300.332387 -33.624528 18.804
 36     2.881 53478.56671815 38.18 300.331447 -33.627808 18.804
 36     2.850 53478.56671879 39.90 300.330497 -33.631078 18.804
 37     2.849 53513.56672512 37.87 300.341962 -33.617078 35.319
 37     2.751 53513.56672577 31.43 300.341022 -33.620348 35.319
 37     2.339 53513.56672641 21.66 300.340082 -33.623628 35.319
 37     2.313 53513.56672706 20.79 300.339142 -33.626898 35.319
 37     2.397 53513.56672770 21.45 300.338196 -33.630169 23.927
 38     3.088 53548.56674381 29.86 300.338784 -33.615833 34.034
 38     2.923 53548.56674445 26.82 300.337834 -33.619113 34.034
 38     2.924 53548.56674510 28.55 300.336894 -33.622383 34.034
 38     2.805 53548.56674574 26.65 300.335953 -33.625653 26.885
 38     2.909 53548.56674639 26.51 300.335013 -33.628923 26.885
 38     3.009 53548.56674703 33.28 300.334073 -33.632203 26.885
 39     2.792 53583.56671022 19.90 300.343712 -33.620808 34.840
 39     2.419 53583.56671087 18.61 300.342772 -33.624088 34.840
 39     2.136 53583.56671151 19.55 300.341832 -33.627358 34.840
 39     2.522 53583.56671216 20.39 300.340892 -33.630628 34.840
 39     2.766 53583.56671280 29.47 300.339948 -33.633901 22.149
 40     2.410 53618.56666604 24.20 300.343416 -33.619872 34.112
 40     1.603 53618.56666668 25.86 300.342476 -33.623142 34.112
 40     1.484 53618.56666733 27.80 300.341536 -33.626422 34.112
 40     1.838 53618.56666797 28.26 300.340596 -33.629692 34.112
 40     1.966 53618.56666862 31.05 300.339651 -33.632966 23.432
 41     3.170 53653.56668841 23.74 300.340240 -33.616816 31.250
 41     2.411 53653.56668905 20.99 300.339300 -33.620086 31.250
 41     2.270 53653.56668970 20.99 300.338360 -33.623356 31.250
 41     2.223 53653.56669034 21.33 300.337420 -33.626627 24.657
 41     2.461 53653.56669099 23.23 300.336480 -33.629897 24.657
 42    -1.595 53688.56668687 25.65 300.339833 -33.615946 18.925
 42    -2.052 53688.56668752 20.48 300.338893 -33.619216 18.925
 42    -2.061 53688.56668816 19.46 300.337953 -33.622486 18.925
 42    -1.793 53688.56668881 20.75 300.337013 -33.625766 18.925
 42    -1.863 53688.56668945 26.54 300.336073 -33.629036 18.925
 42    -1.667 53688.56669010 28.99 300.335127 -33.632309 22.486
 43     2.980 53723.56661302 14.15 300.347362 -33.624235 15.566
 43     2.300 53723.56661367 16.21 300.346422 -33.627505 15.566
 43     2.188 53723.56661431 18.39 300.345472 -33.630775 15.566
 43     2.409 53723.56661496 21.24 300.344535 -33.634049 28.291
 44     3.272 53758.56655068 21.62 300.345732 -33.620053 19.689
 44     2.827 53758.56655133 20.03 300.344792 -33.623323 19.689
 44     2.490 53758.56655197 18.73 300.343849 -33.626594 28.103
 44     2.238 53758.56655262 18.70 300.342909 -33.629864 28.103
 44     2.539 53758.56655326 21.88 300.341959 -33.633144 28.103
 45     3.349 53793.56657227 36.25 300.346632 -33.621408 19.085
 45     3.136 53793.56657291 25.57 300.345692 -33.624688 19.085
 45     2.498 53793.56657356 18.61 300.344752 -33.627958 19.085
 45     2.056 53793.56657420 21.08 300.343809 -33.631231 28.595
 45     2.139 53793.56657485 27.34 300.342869 -33.634501 28.595
 46     2.636 53828.56654318 19.28 300.341771 -33.618870 21.761
 46     2.440 53828.56654382 18.16 300.340831 -33.622140 21.761
 46     2.533 53828.56654447 17.89 300.339886 -33.625410 24.033
 46     2.467 53828.56654511 17.84 300.338946 -33.628680 24.033
 46     2.687 53828.56654575 23.61 300.338006 -33.631960 24.033
 47     3.008 53863.56662531 31.95 300.337783 -33.615285 25.252
 47     2.624 53863.56662595 22.20 300.336843 -33.618555 25.252
 47     2.762 53863.56662660 27.29 300.335893 -33.621835 25.252
 47     2.841 53863.56662724 31.45 300.334953 -33.625105 25.252
 47     2.813 53863.56662789 24.45 300.334013 -33.628375 25.252
 47     2.944 53863.56662853 27.98 300.333073 -33.631645 25.252
 48     2.787 53898.56664951 27.57 300.341147 -33.618797 25.800
 48     2.265 53898.56665016 20.46 300.340207 -33.622067 25.800
 48     2.153 53898.56665080 20.65 300.339270 -33.625339 25.094
 48     2.348 53898.56665145 21.02 300.338320 -33.628609 25.094
 48     2.493 53898.56665209 26.11 300.337380 -33.631889 25.094
 49     2.121 53933.56669520 37.66 300.332972 -33.616195 28.041
 49     2.150 53933.56669584 27.13 300.332032 -33.619475 28.041
 49     2.137 53933.56669649 37.76 300.331082 -33.622745 28.041
 49     2.142 53933.56669713 40.34 300.330142 -33.626015 28.041
 49     2.195 53933.56669778 28.56 300.329202 -33.629285 28.041
 50     2.538 53968.56666758 28.22 300.338136 -33.617573 23.829
 50     2.320 53968.56666822 27.08 300.337196 -33.620843 23.829
 50     2.438 53968.56666886 26.32 300.336256 -33.624123 23.829
 50     2.422 53968.56666951 25.21 300.335306 -33.627393 23.829
 50     2.374 53968.56667015 24.76 300.334366 -33.630663 23.829
 51     2.695 54003.56663712 25.77 300.340403 -33.616927 31.460
 51     2.085 54003.56663777 19.66 300.339463 -33.620207 31.460
 51     1.978 54003.56663841 18.53 300.338523 -33.623477 31.460
 51     2.022 54003.56663906 18.26 300.337583 -33.626747 31.460
 51     2.240 54003.56663970 21.07 300.336643 -33.630017 31.460
 52     2.782 54038.56667290 24.90 300.343006 -33.619414 29.011
 52     2.632 54038.56667355 22.40 300.342066 -33.622694 29.011
 52     2.384 54038.56667419 21.87 300.341116 -33.625964 29.011
 52     2.419 54038.56667483 23.88 300.340176 -33.629234 29.011
 52     3.007 54038.56667548 26.92 300.339236 -33.632504 29.011
 53     2.894 54073.56666741 16.02 300.343344 -33.620530 24.462
 53     2.714 54073.56666805 15.86 300.342404 -33.623810 24.462
 53     2.419 54073.56666870 16.99 300.341454 -33.627080 24.462
 53     2.511 54073.56666934 19.47 300.340514 -33.630350 24.462
 53     2.639 54073.56666999 27.43 300.339574 -33.633620 24.462
 54     3.107 54108.56661409 31.01 300.345166 -33.621532 27.728
 54     2.925 54108.56661474 27.13 300.344226 -33.624802 27.728
 54     2.496 54108.56661538 24.24 300.343286 -33.628082 27.728
 54     2.473 54108.56661603 22.10 300.342346 -33.631352 27.728
 54     3.128 54108.56661667 24.24 300.341406 -33.634622 27.728
 55     3.118 54143.56660365 26.02 300.339554 -33.618874 29.472
 55     2.778 54143.56660429 23.45 300.338614 -33.622144 29.472
 55     2.996 54143.56660494 22.78 300.337674 -33.625414 29.472
 55     3.011 54143.56660558 22.31 300.336734 -33.628684 29.472
 55     3.154 54143.56660623 24.32 300.335794 -33.631964 29.472
 56     3.767 54178.56659833 34.97 300.343530 -33.621451 46.005
 56     3.589 54178.56659897 37.21 300.342590 -33.624721 46.005
 56     3.505 54178.56659962 37.13 300.341650 -33.627991 46.005
 56     3.757 54178.56660026 35.59 300.340711 -33.631265 24.724
 58     3.571 54248.56663889 27.86 300.340596 -33.618615 35.560
 58     3.251 54248.56663953 26.29 300.339656 -33.621885 35.560
 58     3.138 54248.56664018 25.17 300.338716 -33.625155 35.560
 58     3.358 54248.56664082 25.59 300.337776 -33.628435 35.560
 58     3.668 54248.56664147 29.54 300.336836 -33.631705 35.560
 59     3.282 54283.56664813 27.38 300.342651 -33.619796 28.126
 59     2.930 54283.56664878 24.31 300.341711 -33.623076 28.126
 59     2.785 54283.56664942 24.80 300.340771 -33.626346 28.126
 59     3.038 54283.56665007 24.39 300.339831 -33.629616 28.126
 59     3.404 54283.56665071 30.67 300.338891 -33.632886 28.126
 60     2.846 54318.56664543 29.29 300.344189 -33.619266 41.177
 60     2.420 54318.56664607 31.07 300.343249 -33.622536 41.177
 60     2.390 54318.56664672 33.71 300.342309 -33.625816 41.177
 60     2.685 54318.56664736 34.26 300.341369 -33.629086 41.177
 60     2.751 54318.56664801 37.80 300.340424 -33.632358 24.977
 61     2.828 54353.56660960 35.49 300.345785 -33.619309 32.594
 61     1.891 54353.56661025 34.34 300.344845 -33.622579 32.594
 61     1.711 54353.56661089 35.52 300.343895 -33.625849 32.594
 61     1.640 54353.56661154 34.49 300.342955 -33.629129 32.594
 61     2.027 54353.56661218 33.81 300.342015 -33.632399 32.594
 62     3.237 54388.56658531 36.30 300.342929 -33.617424 36.461
 62     2.813 54388.56658595 22.79 300.341979 -33.620694 36.461
 62     2.287 54388.56658660 21.95 300.341039 -33.623964 36.461
 62     2.303 54388.56658724 20.35 300.340099 -33.627234 36.461
 62     2.503 54388.56658789 21.09 300.339159 -33.630514 36.461
 63     2.682 54423.56656015 38.60 300.343140 -33.621037 28.263
 63     2.612 54423.56656080 43.74 300.342190 -33.624307 28.263
 63     2.478 54423.56656144 42.35 300.341250 -33.627577 28.263
 63     2.469 54423.56656209 41.68 300.340310 -33.630847 28.263
 64     2.389 54458.56656030 16.55 300.340180 -33.618731 25.993
 64     2.261 54458.56656095 18.59 300.339240 -33.622001 25.993
 64     2.360 54458.56656159 17.60 300.338300 -33.625271 25.993
 64     2.459 54458.56656223 20.91 300.337360 -33.628551 25.993
 64     2.721 54458.56656288 25.72 300.336420 -33.631821 25.993
 65     2.290 54493.56656400 17.01 300.344362 -33.620598 26.405
 65     2.229 54493.56656464 16.46 300.343423 -33.623871 26.973
 65     2.019 54493.56656529 16.55 300.342483 -33.627141 26.973
 65     2.038 54493.56656593 20.52 300.341543 -33.630421 26.973
 65     2.158 54493.56656658 26.26 300.340603 -33.633691 26.973
 66     2.114 54528.56657287 17.25 300.342581 -33.618560 28.108
 66     2.202 54528.56657351 15.05 300.341641 -33.621830 28.108
 66     2.320 54528.56657416 14.19 300.340701 -33.625100 28.108
 66     2.292 54528.56657480 16.20 300.339761 -33.628380 28.108
 66     2.589 54528.56657545 21.83 300.338821 -33.631650 28.108
 67     2.376 54563.56657104 13.29 300.344318 -33.621923 19.804
 67     2.339 54563.56657168 14.17 300.343378 -33.625193 19.804
 67     2.283 54563.56657232 15.30 300.342438 -33.628473 19.804
 67     2.342 54563.56657297 19.84 300.341498 -33.631743 19.804
 68     3.073 54598.56656834 25.01 300.341881 -33.618343 23.360
 68     2.575 54598.56656899 20.87 300.340941 -33.621613 23.360
 68     2.599 54598.56656963 21.60 300.340001 -33.624883 23.360
 68     2.571 54598.56657028 22.41 300.339061 -33.628153 23.360
 68     2.715 54598.56657092 24.13 300.338121 -33.631433 23.360
 69     2.140 54633.56658123 30.84 300.341279 -33.616265 35.550
 69     2.340 54633.56658187 18.06 300.340339 -33.619535 35.550
 69     2.476 54633.56658252 20.30 300.339399 -33.622805 35.550
 69     2.287 54633.56658316 20.94 300.338459 -33.626075 35.550
 69     2.429 54633.56658380 20.96 300.337519 -33.629355 35.550
 69     2.635 54633.56658445 28.94 300.336569 -33.632625 35.550
 70     2.123 54668.56658604 27.03 300.341944 -33.616933 27.749
 70     2.255 54668.56658668 18.26 300.341004 -33.620203 27.749
 70     2.440 54668.56658733 16.75 300.340064 -33.623483 27.749
 70     2.391 54668.56658797 18.48 300.339124 -33.626753 27.749
 70     2.561 54668.56658862 18.59 300.338184 -33.630023 27.749
 71     2.697 54703.56655159 24.45 300.345593 -33.621228 32.250
 71     2.579 54703.56655223 20.84 300.344653 -33.624498 32.250
 71     1.980 54703.56655288 19.62 300.343713 -33.627778 32.250
 71     2.300 54703.56655352 21.52 300.342773 -33.631048 32.250
 71     2.424 54703.56655417 29.09 300.341833 -33.634318 32.250
 72     2.169 54738.56654853 25.66 300.340392 -33.617417 21.114
 72     1.782 54738.56654917 22.13 300.339452 -33.620687 21.114
 72     1.985 54738.56654982 19.75 300.338512 -33.623957 21.114
 72     2.080 54738.56655046 19.40 300.337572 -33.627227 21.114
 72     2.685 54738.56655111 19.89 300.336632 -33.630507 21.114
 73     3.197 54773.56653331 38.05 300.344107 -33.621783 32.763
 73     2.781 54773.56653396 32.41 300.343167 -33.625053 32.763
 73     2.707 54773.56653460 29.28 300.342227 -33.628323 32.763
 73     2.671 54773.56653525 31.52 300.341287 -33.631593 32.763
 74     2.667 54808.56654123 45.48 300.339258 -33.616246 25.653
 74     2.560 54808.56654188 41.83 300.338318 -33.619526 25.653
 74     2.650 54808.56654252 44.02 300.337378 -33.622796 25.653
 74     2.602 54808.56654317 39.95 300.336438 -33.626066 25.653
 74     2.630 54808.56654381 40.19 300.335498 -33.629346 25.653
 75     2.301 54843.56653073 17.20 300.342919 -33.621189 18.663
 75     1.840 54843.56653138 14.93 300.341979 -33.624459 18.663
 75     1.525 54843.56653202 15.36 300.341039 -33.627729 18.663
 75     1.943 54843.56653267 15.95 300.340099 -33.630999 18.663
 76     2.173 54878.56654484 45.60 300.340271 -33.616123 22.806
 76     2.381 54878.56654549 45.67 300.339331 -33.619393 22.806
 76     2.158 54878.56654613 32.54 300.338391 -33.622673 22.806
 76     2.087 54878.56654678 33.39 300.337441 -33.625943 22.806
 76     2.108 54878.56654742 38.48 300.336501 -33.629213 22.806
 76     2.054 54878.56654807 40.82 300.335561 -33.632483 22.806
 77     2.601 54913.56653432 45.59 300.343171 -33.619831 27.141
 77     2.372 54913.56653497 45.00 300.342231 -33.623101 27.141
 77     2.301 54913.56653561 44.57 300.341291 -33.626381 27.141
 77     2.063 54913.56653626 42.33 300.340351 -33.629651 27.141
 77     2.125 54913.56653690 44.60 300.339411 -33.632921 27.141
 78     2.429 54948.56653665 18.61 300.339490 -33.618636 19.474
 78     2.025 54948.56653730 19.80 300.338550 -33.621916 19.474
 78     1.992 54948.56653794 22.26 300.337600 -33.625186 19.474
 78     1.916 54948.56653859 23.03 300.336660 -33.628456 19.474
 78     2.274 54948.56653923 23.69 300.335720 -33.631726 19.474
 79     2.213 54983.56656264 17.19 300.340019 -33.618883 21.706
 79     1.705 54983.56656329 17.51 300.339079 -33.622153 21.706
 79     1.688 54983.56656393 20.46 300.338139 -33.625423 21.706
 79     1.650 54983.56656457 19.89 300.337199 -33.628703 21.706
 79     1.977 54983.56656522 20.78 300.336249 -33.631973 21.706
 80     1.943 55018.56655961 31.62 300.343161 -33.617952 22.477
 80     1.847 55018.56656026 33.32 300.342221 -33.621232 22.477
 80     1.448 55018.56656090 28.61 300.341281 -33.624502 22.477
 80     1.436 55018.56656154 27.57 300.340341 -33.627772 22.477
 80     1.375 55018.56656219 26.94 300.339401 -33.631042 22.477
 81     2.360 55053.56655535 21.28 300.343904 -33.620068 31.064
 81     2.166 55053.56655600 20.59 300.342964 -33.623338 31.064
 81     2.110 55053.56655664 18.90 300.342024 -33.626618 31.064
 81     2.180 55053.56655729 19.78 300.341084 -33.629888 31.064
 81     2.561 55053.56655793 26.40 300.340144 -33.633158 31.064
 82     3.012 55088.56651726 33.03 300.344596 -33.619006 32.471
 82     2.696 55088.56651791 26.75 300.343656 -33.622276 32.471
 82     2.278 55088.56651855 25.16 300.342716 -33.625556 32.471
 82     2.035 55088.56651920 23.86 300.341776 -33.628826 32.471
 82     2.690 55088.56651984 25.30 300.340836 -33.632096 32.471
 83     2.919 55123.56649246 45.13 300.341463 -33.619554 42.097
 83     2.930 55123.56649310 40.24 300.340523 -33.622824 42.097
 83     2.865 55123.56649374 42.33 300.339573 -33.626104 42.097
 83     2.876 55123.56649439 46.31 300.338633 -33.629374 42.097
 83     2.898 55123.56649503 45.89 300.337693 -33.632644 42.097
 84     3.361 55158.56647822 27.45 300.342529 -33.620652 32.644
 84     2.991 55158.56647886 26.07 300.341589 -33.623932 32.644
 84     2.865 55158.56647951 28.18 300.340649 -33.627202 32.644
 84     3.147 55158.56648015 26.25 300.339709 -33.630472 32.644
 85     4.168 55193.56648178 25.97 300.339148 -33.617806 37.077
 85     3.617 55193.56648242 26.08 300.338208 -33.621076 37.077
 85     3.419 55193.56648307 30.61 300.337268 -33.624346 37.077
 85     3.857 55193.56648371 26.99 300.336328 -33.627626 37.077
 85     4.163 55193.56648436 29.56 300.335378 -33.630896 37.077
 86     4.483 55228.56648030 39.42 300.343338 -33.619202 32.117
 86     4.277 55228.56648094 32.35 300.342398 -33.622482 32.117
 86     4.150 55228.56648159 33.43 300.341458 -33.625752 32.117
 86     4.242 55228.56648223 35.39 300.340508 -33.629022 32.117
 86     4.429 55228.56648287 37.73 300.339568 -33.632302 32.117
 87     5.137 55263.56647691 29.72 300.342572 -33.617903 29.836
 87     5.087 55263.56647756 28.02 300.341632 -33.621173 29.836
 87     4.624 55263.56647820 25.70 300.340692 -33.624443 29.836
 87     4.653 55263.56647885 26.49 300.339742 -33.627723 29.836
 87     4.901 55263.56647949 27.66 300.338802 -33.630993 29.836
 88     4.044 55298.56646261 42.95 300.345488 -33.619186 49.187
 88     3.975 55298.56646325 27.55 300.344551 -33.622460 27.821
 88     3.539 55298.56646390 26.92 300.343611 -33.625730 27.821
 88     3.431 55298.56646454 28.29 300.342671 -33.629010 27.821
 88     3.781 55298.56646519 29.75 300.341731 -33.632280 27.821
 89     3.611 55333.56645582 23.03 300.341251 -33.619928 32.138
 89     3.468 55333.56645646 21.83 300.340311 -33.623198 32.138
 89     3.365 55333.56645711 22.94 300.339371 -33.626468 32.138
 89     3.578 55333.56645775 25.26 300.338431 -33.629738 32.138
 89     3.804 55333.56645840 33.58 300.337491 -33.633018 32.138
 90     3.625 55368.56644719 30.22 300.343659 -33.618886 29.500
 90     3.361 55368.56644783 23.10 300.342719 -33.622166 29.500
 90     3.008 55368.56644848 20.08 300.341779 -33.625436 29.500
 90     3.129 55368.56644912 22.17 300.340839 -33.628706 29.500
 90     3.418 55368.56644977 25.46 300.339899 -33.631976 29.500
 91     2.744 55403.56646269 22.69 300.340780 -33.618690 33.912
 91     2.563 55403.56646334 21.46 300.339840 -33.621960 33.912
 91     2.538 55403.56646398 20.15 300.338900 -33.625230 33.912
 91     2.557 55403.56646463 21.37 300.337960 -33.628500 33.912
 91     2.677 55403.56646527 26.37 300.337020 -33.631780 33.912
 92     2.926 55438.56646508 31.85 300.344805 -33.619574 30.772
 92     2.788 55438.56646572 24.19 300.343865 -33.622854 30.772
 92     2.425 55438.56646637 21.64 300.342925 -33.626124 30.772
 92     2.420 55438.56646701 22.11 300.341985 -33.629394 30.772
 92     2.715 55438.56646766 24.86 300.341045 -33.632664 30.772
 93     3.067 55473.56641310 30.19 300.346187 -33.619710 22.717
 93     2.720 55473.56641375 24.10 300.345247 -33.622980 22.717
 93     2.279 55473.56641439 24.46 300.344307 -33.626260 22.717
 93     1.760 55473.56641504 25.94 300.343367 -33.629530 22.717
 93     2.208 55473.56641568 24.92 300.342427 -33.632800 22.717
