# NaN NaN NaN ;Mean Elev.(m), Avg Gradient(m/km), RMS Gradient(m/km) - SRTM1     
#    0.000   0.000   0.000 ;Mean Elev.(m), Avg Gradient(m/km), RMS Gradient(m/km) - ASTER GDEM
#   34.608  -1.656   4.470 ;Mean Elev.(m), Avg Gradient(m/km), RMS Gradient(m/km) - GMTED2010 
  6 300.803751 -28.980662    35.111    35.121 25 52441.09435216 34.163
  7 300.807663 -28.977499    35.644    34.336 25 52476.09434954 29.911
  8 300.813356 -28.965330    34.696    34.624 24 52511.09430412 31.092
  9 300.814048 -28.965236    34.716    34.710 24 52546.09432426 34.455
 10 300.811002 -28.969445    35.166    35.099 25 52581.09434601 36.148
 11 300.806140 -28.976712    36.134    35.415 25 52616.09431458 29.058
 12 300.816007 -28.962102    34.589    34.499 24 52651.09429410 47.530
 13 300.812143 -28.968610    35.352    35.360 24 52686.09428311 32.611
 14 300.810395 -28.970888    35.920    35.954 25 52721.09433290 41.464
 15 300.801392 -28.987539    34.985    34.970 24 52756.09435291 48.152
 16 300.814451 -28.966531    34.098    33.987 24 52791.09430651 43.431
 17 300.814796 -28.963595    34.338    34.178 24 52826.09437616 31.868
 18 300.815950 -28.962737    33.869    33.763 24 52861.09442192 43.085
 19 300.808930 -28.974226    33.830    33.803 25 52896.09445019 28.779
 20 300.806668 -28.979226    35.309    34.204 25 52931.09439727 24.173
 21 300.815090 -28.964098    34.126    34.142 23 52966.09439620 32.312
 22 300.806042 -28.978813    37.277    36.053 25 53001.09442404 36.268
 23 300.806423 -28.976076    34.641    34.650 25 53036.09437426 31.247
 24 300.810831 -28.970338    34.080    34.033 24 53071.09439653 28.009
 25 300.805641 -28.977941    33.891    33.882 25 53106.09437471 25.413
 26 300.812578 -28.967145    34.122    34.112 25 53141.09440454 45.292
 27 300.811677 -28.970024    34.820    34.808 24 53176.09443421 34.585
 28 300.809299 -28.973573    35.136    35.126 25 53211.09445235 35.910
 29 300.810435 -28.969566    34.243    34.129 25 53246.09442095 50.586
 30 300.811522 -28.969064    33.963    33.844 24 53281.09440622 38.676
 31 300.812518 -28.968932    35.791    35.803 24 53316.09441831 48.268
 32 300.813113 -28.968204    35.849    35.856 24 53351.09438406 48.064
 33 300.812705 -28.966722    35.143    35.149 24 53386.09436882 37.371
 34 300.816408 -28.962432    36.265    36.276 23 53421.09437305 44.146
 35 300.816218 -28.962024    34.285    34.153 24 53456.09437857 44.161
 36 300.806456 -28.978928    34.499    34.512 25 53491.09446089 49.128
 37 300.813814 -28.965864    34.671    34.687 24 53526.09444652 46.972
 38 300.805424 -28.979361    34.785    34.479 24 53561.09447230 30.463
 39 300.813377 -28.968069    34.073    33.898 24 53596.09441257 37.689
 40 300.810277 -28.971405    34.057    34.013 24 53631.09440632 41.474
 41 300.808324 -28.974163    35.695    35.694 26 53666.09442877 48.099
 42 300.812262 -28.967707    34.732    34.644 24 53701.09438088 45.613
 43 300.811493 -28.968449    35.280    35.292 25 53736.09429114 37.325
 44 300.817108 -28.966058    34.803    34.827 21 53771.09429519 29.697
 45 300.811982 -28.968317    34.945    34.898 24 53806.09428639 25.833
 47 300.813565 -28.966802    34.080    34.047 24 53876.09435437 39.150
 48 300.807808 -28.976709    33.979    34.010 25 53911.09440138 31.546
 49 300.804245 -28.981333    34.269    33.942 24 53946.09441922 25.879
 50 300.808142 -28.973968    33.874    33.865 25 53981.09436559 30.455
 51 300.814606 -28.963396    34.515    34.522 24 54016.09438914 42.632
 52 300.816837 -28.960660    34.530    34.667 23 54051.09438916 45.331
 53 300.810961 -28.970036    34.324    34.295 25 54086.09437922 46.521
 54 300.807540 -28.974647    35.941    35.911 25 54121.09430453 33.716
 55 300.810495 -28.970016    36.737    36.748 25 54156.09433898 38.498
 56 300.808875 -28.973369    36.280    35.713 26 54191.09430222 35.303
 57 300.811323 -28.970116    36.372    36.383 25 54226.09434985 49.754
 58 300.811680 -28.969378    35.716    35.727 24 54261.09437056 37.823
 59 300.811438 -28.968516    34.888    34.754 25 54296.09437471 34.079
 60 300.811534 -28.969523    34.595    34.443 24 54331.09436599 32.207
 61 300.808821 -28.973275    34.275    34.207 26 54366.09430890 30.189
 62 300.812267 -28.968971    34.376    34.374 24 54401.09430813 41.868
 63 300.809911 -28.973705    34.705    34.598 25 54436.09426439 44.742
 64 300.813882 -28.963726    34.433    34.491 24 54471.09429335 46.579
 65 300.810014 -28.973767    34.404    34.366 25 54506.09427738 38.697
 66 300.812367 -28.968083    34.890    34.873 24 54541.09430711 40.117
 67 300.809812 -28.973894    35.494    35.503 25 54576.09427904 49.271
 68 300.811526 -28.969680    34.341    34.595 24 54611.09429937 33.010
 69 300.810670 -28.969664    34.754    34.750 25 54646.09430626 51.542
 70 300.810769 -28.971704    35.603    34.465 25 54681.09430698 29.417
 71 300.810052 -28.973538    34.401    34.310 25 54716.09425647 48.198
 72 300.811619 -28.968446    34.862    34.903 25 54751.09427901 44.330
 73 300.809881 -28.970206    35.444    35.469 25 54786.09424566 36.531
 74 300.812679 -28.967102    34.261    34.181 25 54821.09427232 33.264
 75 300.810922 -28.971637    34.222    34.252 25 54856.09424236 46.817
 76 300.809560 -28.970818    34.433    34.428 25 54891.09427529 49.106
 77 300.807942 -28.975505    34.232    34.302 25 54926.09423964 34.951
 78 300.811405 -28.971244    33.561    33.587 25 54961.09427424 33.491
 79 300.809099 -28.972263    33.788    33.879 25 54996.09429554 34.373
 80 300.810406 -28.970066    35.226    35.270 25 55031.09428508 47.464
 81 300.810982 -28.970637    35.138    35.140 24 55066.09427525 49.981
 82 300.807813 -28.977144    35.591    35.572 25 55101.09421585 50.553
 83 300.812216 -28.969122    36.757    36.758 25 55136.09422062 37.498
 84 300.809750 -28.970484    36.363    36.379 25 55171.09418308 36.849
 85 300.811981 -28.968546    36.841    36.874 25 55206.09421481 46.702
 86 300.808681 -28.973457    36.769    36.808 25 55241.09418841 41.850
 87 300.810703 -28.972444    36.200    36.181 25 55276.09420729 48.511
 88 300.809503 -28.972598    36.014    36.060 26 55311.09417330 38.334
 89 300.811628 -28.969496    36.805    35.981 25 55346.09417808 36.026
 90 300.810724 -28.972585    34.897    34.788 25 55381.09416947 33.257
 91 300.812541 -28.967423    34.903    34.863 25 55416.09419740 40.300
 92 300.810956 -28.972052    34.154    34.097 25 55451.09418116 41.572
 93 300.809041 -28.971623    34.764    34.727 25 55486.09410482 34.606
