#    0.000   0.000   0.000 ;Mean Elev.(m), Avg Gradient(m/km), RMS Gradient(m/km) - SRTM1     
#    0.000   0.000   0.000 ;Mean Elev.(m), Avg Gradient(m/km), RMS Gradient(m/km) - ASTER GDEM
#   39.464  -1.264   4.451 ;Mean Elev.(m), Avg Gradient(m/km), RMS Gradient(m/km) - GMTED2010 
  7 301.139010 -28.062144    23.767    23.781 11 52447.56753252 22.597
  8 301.153008 -28.040412    44.568    43.290 19 52482.56751745 27.460
  9 301.163572 -28.029286    48.047    47.745 16 52517.56747100 17.151
 10 301.142135 -28.058966    49.157    49.287 10 52552.56752657 17.700
 11 301.162945 -28.029596    54.743    55.503 16 52587.56749873 15.869
 12 301.161178 -28.028994    44.150    43.598 16 52622.56746102 23.847
 13 301.161062 -28.028923    44.603    41.986 17 52657.56747138 16.731
 15 301.160460 -28.029797    43.674    43.295 16 52727.56749615 21.163
 16 301.145979 -28.052325    42.088    42.107 14 52762.56751408 47.079
 17 301.162151 -28.029287    46.669    46.997 16 52797.56747464 14.793
 18 301.161559 -28.028714    43.214    41.228 17 52832.56754597 17.069
 19 301.165571 -28.028345    49.346    50.504 15 52867.56758862 14.051
 20 301.157381 -28.035180    41.782    41.344 21 52902.56760933 24.502
 21 301.161149 -28.029690    44.910    41.682 16 52937.56754702 16.942
 22 301.152281 -28.041209    42.804    43.066 18 52972.56758074 25.050
 23 301.148307 -28.048770    44.222    43.360 15 53007.56759224 30.684
 24 301.147334 -28.049616    41.683    41.686 16 53042.56754800 36.031
 25 301.151570 -28.042538    41.160    41.136 18 53077.56757971 39.892
 26 301.141734 -28.059394    40.499    40.542 10 53112.56755308 21.524
 27 301.149595 -28.046733    41.845    41.876 17 53147.56759464 33.979
 28 301.164051 -28.027980    53.758    53.697 16 53182.56759259 18.649
 29 301.155706 -28.037469    42.776    42.777 21 53217.56761848 50.472
 30 301.156267 -28.035063    41.668    41.485 21 53252.56759589 24.514
 31 301.140453 -28.061743    40.703    40.688 10 53287.56760006 22.911
 32 301.166708 -28.026378    52.892    53.006 15 53322.56756872 22.232
 33 301.167373 -28.026614    44.798    43.183 12 53357.56753476 26.768
 34 301.150527 -28.044584    42.421    42.283 18 53392.56755343 35.297
 35 301.164691 -28.028064    42.604    42.187 15 53427.56754501 17.654
 36 301.158017 -28.034188    41.425    41.515 20 53462.56756288 21.300
 37 301.143415 -28.056583    47.270    47.259 12 53497.56764034 22.425
 38 301.163511 -28.028638    52.302    55.831 15 53532.56761574 20.373
 40 301.162939 -28.029699    40.894    40.913 16 53602.56758150 40.670
 41 301.146507 -28.052556    42.308    41.673 14 53637.56758423 18.114
 42 301.147518 -28.048497    42.559    42.700 15 53672.56760426 32.470
 43 301.168221 -28.025502    41.716    41.625 13 53707.56753093 15.169
 44 301.168664 -28.024049    41.972    41.978 13 53742.56744227 25.204
 45 301.163578 -28.028019    41.639    41.646 16 53777.56746887 43.030
 46 301.166222 -28.027289    42.996    42.440 15 53812.56744503 14.269
 47 301.148210 -28.048833    42.387    42.349 16 53847.56750332 34.511
 49 301.143672 -28.056742    41.339    41.332 12 53917.56758676 47.290
 50 301.142639 -28.057596    40.913    40.921 11 53952.56759154 27.041
 52 301.155104 -28.037327    43.316    43.037 21 54022.56756622 25.720
 53 301.166498 -28.026577    42.017    41.979 14 54057.56755636 19.734
 54 301.162025 -28.029274    42.261    41.849 16 54092.56753860 17.336
 55 301.155245 -28.035447    43.922    43.929 21 54127.56747509 37.571
 56 301.156486 -28.036208    44.434    44.384 21 54162.56750943 36.451
 57 301.154461 -28.038642    43.911    43.636 20 54197.56747805 28.664
 58 301.157328 -28.035420    43.941    43.489 21 54232.56752169 24.269
 59 301.159134 -28.031994    42.366    42.370 18 54267.56753998 26.692
 60 301.160115 -28.029890    41.698    41.688 16 54302.56754372 24.852
 61 301.160808 -28.030231    42.253    41.383 16 54337.56752974 20.516
 62 301.156829 -28.035675    41.437    41.501 20 54372.56747789 33.562
 63 301.157191 -28.035900    41.716    41.355 21 54407.56747649 36.290
 64 301.153764 -28.039523    41.471    41.473 19 54442.56743860 49.252
 65 301.159995 -28.030021    41.851    41.874 17 54477.56746418 18.270
 66 301.154911 -28.037804    41.826    41.801 21 54512.56745369 50.835
 67 301.160324 -28.029571    42.398    42.400 16 54547.56747755 50.877
 68 301.159499 -28.031575    42.333    42.337 17 54582.56744753 22.119
 69 301.158679 -28.033326    41.673    41.651 18 54617.56746927 24.774
 70 301.155630 -28.036518    41.875    41.863 21 54652.56748195 26.722
 71 301.159958 -28.030641    41.729    41.763 17 54687.56747073 27.189
 72 301.155312 -28.036273    41.727    41.706 21 54722.56742882 29.450
 73 301.156969 -28.035998    43.425    42.002 21 54757.56744805 21.318
 74 301.151271 -28.042519    42.406    42.501 18 54792.56742345 30.504
 75 301.157125 -28.035511    40.756    40.753 20 54827.56744516 45.544
 76 301.155223 -28.037291    41.058    41.044 21 54862.56741679 31.537
 77 301.156730 -28.035982    41.960    41.994 21 54897.56744575 38.782
 78 301.154065 -28.039291    41.231    41.102 20 54932.56741171 32.643
 79 301.157271 -28.035997    40.812    40.658 21 54967.56744626 24.821
 80 301.153126 -28.039994    41.198    41.227 20 55002.56746746 28.734
 81 301.160324 -28.029926    41.867    41.853 17 55037.56745126 24.135
 82 301.160587 -28.029447    41.843    41.824 17 55072.56743780 23.835
 83 301.153339 -28.039238    43.102    43.033 19 55107.56738618 38.467
 84 301.156734 -28.036368    43.942    43.960 21 55142.56739037 39.661
 85 301.155112 -28.035719    44.203    44.139 21 55177.56735617 33.201
 86 301.156965 -28.036240    44.358    44.404 21 55212.56738521 32.848
 87 301.156098 -28.035412    44.001    44.049 21 55247.56735841 30.534
 88 301.157780 -28.035167    43.874    43.669 20 55282.56737788 27.878
 89 301.156495 -28.035165    44.045    44.113 21 55317.56734710 38.972
 90 301.158974 -28.032081    43.236    43.315 19 55352.56735042 30.713
 91 301.152073 -28.041895    41.776    41.757 18 55387.56734852 36.546
 92 301.159952 -28.030635    42.469    41.950 17 55422.56736736 22.457
 93 301.161256 -28.030186    44.349    43.128 16 55457.56734090 22.396
