#    0.000   0.000   0.000 ;Mean Elev.(m), Avg Gradient(m/km), RMS Gradient(m/km) - SRTM1     
#    0.000   0.000   0.000 ;Mean Elev.(m), Avg Gradient(m/km), RMS Gradient(m/km) - ASTER GDEM
#   57.178  -0.846   3.033 ;Mean Elev.(m), Avg Gradient(m/km), RMS Gradient(m/km) - GMTED2010 
  7    54.803 52444.56341696 36.10 302.741522 -27.430551 29.771
  7    55.176 52444.56341761 38.98 302.740662 -27.433831 29.771
  7    54.910 52444.56341825 43.55 302.739802 -27.437111 29.771
  7    54.460 52444.56341890 42.97 302.738942 -27.440401 29.771
  7    54.407 52444.56341954 49.08 302.738092 -27.443681 29.771
  7    54.474 52444.56342019 45.03 302.737232 -27.446961 29.771
  7    54.481 52444.56342083 48.17 302.736372 -27.450251 29.771
  7    54.551 52444.56342147 42.51 302.735512 -27.453531 29.771
  7    54.437 52444.56342212 49.10 302.734662 -27.456811 29.771
  7    55.024 52444.56342276 42.65 302.733802 -27.460101 29.771
  7    54.839 52444.56342341 30.29 302.732942 -27.463381 29.771
  7    54.550 52444.56342405 42.56 302.732082 -27.466671 29.771
  7    54.545 52444.56342470 46.27 302.731232 -27.469951 29.771
  7    54.608 52444.56342534 37.26 302.730372 -27.473231 29.771
  8    54.202 52479.56341028 29.48 302.747204 -27.432285 20.103
  8    54.309 52479.56341092 25.98 302.746344 -27.435575 20.103
  8    54.627 52479.56341157 25.64 302.745484 -27.438855 20.103
  8    54.647 52479.56341221 34.34 302.744634 -27.442135 20.103
  8    54.334 52479.56341286 35.48 302.743774 -27.445425 20.103
  8    54.102 52479.56341350 23.71 302.742914 -27.448705 20.103
  8    54.744 52479.56341414 21.20 302.742064 -27.451985 20.103
  8    54.955 52479.56341479 32.97 302.741204 -27.455275 20.103
  8    54.970 52479.56341543 38.48 302.740344 -27.458555 20.103
  8    54.832 52479.56341608 36.15 302.739484 -27.461845 20.103
  8    54.777 52479.56341672 33.31 302.738634 -27.465125 20.103
  8    61.085 52479.56341737 26.53 302.737774 -27.468405 20.103
  8    64.323 52479.56341801 24.39 302.736914 -27.471695 20.103
  8    65.952 52479.56341866 24.67 302.736054 -27.474975 20.103
  9    55.160 52514.56335703 26.59 302.760545 -27.433486 17.425
  9    55.015 52514.56335768 27.62 302.759685 -27.436766 17.425
  9    54.833 52514.56335832 22.80 302.758835 -27.440046 17.425
  9    54.536 52514.56335897 24.12 302.757975 -27.443336 17.425
  9    54.495 52514.56335961 26.07 302.757115 -27.446616 17.425
  9    54.485 52514.56336025 25.41 302.756265 -27.449896 17.425
  9    54.598 52514.56336090 19.15 302.755405 -27.453186 17.425
  9    54.604 52514.56336154 17.88 302.754545 -27.456466 17.425
  9    54.774 52514.56336219 22.63 302.753685 -27.459746 17.425
  9    54.952 52514.56336283 31.98 302.752835 -27.463036 17.425
  9    54.943 52514.56336348 35.35 302.751975 -27.466316 17.425
  9    54.956 52514.56336412 34.79 302.751115 -27.469606 17.425
  9    54.663 52514.56336477 31.69 302.750265 -27.472886 17.425
  9    54.295 52514.56336541 26.05 302.749405 -27.476166 17.425
  9    54.387 52514.56336606 21.20 302.748545 -27.479456 17.425
 10    54.931 52549.56340231 28.50 302.745142 -27.432310 25.400
 10    54.648 52549.56340296 29.24 302.744292 -27.435590 25.400
 10    55.079 52549.56340360 32.66 302.743432 -27.438880 25.400
 10    55.007 52549.56340425 34.32 302.742572 -27.442160 25.400
 10    54.898 52549.56340489 30.83 302.741712 -27.445450 25.400
 10    54.600 52549.56340554 23.08 302.740862 -27.448730 25.400
 10    54.495 52549.56340618 23.49 302.740002 -27.452010 25.400
 10    55.049 52549.56340682 32.20 302.739142 -27.455300 25.400
 10    55.013 52549.56340747 42.01 302.738282 -27.458580 25.400
 10    54.990 52549.56340811 40.74 302.737422 -27.461860 25.400
 10    54.961 52549.56340876 34.05 302.736572 -27.465150 25.400
 10    54.813 52549.56340940 27.04 302.735712 -27.468430 25.400
 10    55.172 52549.56341005 25.50 302.734852 -27.471710 25.400
 10    56.061 52549.56341069 23.83 302.733992 -27.474999 23.183
 11    56.100 52584.56338739 32.76 302.757941 -27.432390 24.540
 11    55.507 52584.56338803 42.33 302.757091 -27.435670 24.540
 11    55.410 52584.56338868 35.14 302.756231 -27.438950 24.540
 11    55.369 52584.56338932 29.47 302.755371 -27.442240 24.540
 11    55.490 52584.56338997 35.67 302.754521 -27.445520 24.540
 11    55.303 52584.56339061 28.02 302.753661 -27.448800 24.540
 11    55.098 52584.56339126 22.75 302.752801 -27.452090 24.540
 11    55.180 52584.56339190 22.19 302.751941 -27.455370 24.540
 11    55.704 52584.56339255 30.92 302.751091 -27.458650 24.540
 11    55.615 52584.56339319 45.16 302.750231 -27.461940 24.540
 11    55.799 52584.56339384 47.48 302.749371 -27.465220 24.540
 11    55.632 52584.56339448 42.04 302.748511 -27.468510 24.540
 11    55.394 52584.56339512 29.45 302.747661 -27.471790 24.540
 11    55.409 52584.56339577 22.63 302.746801 -27.475070 24.540
 11    66.900 52584.56339641 18.83 302.745941 -27.478360 24.540
 12    57.091 52619.56336615 34.49 302.751414 -27.432715 36.781
 12    57.070 52619.56336679 44.83 302.750554 -27.436005 36.781
 12    57.150 52619.56336743 35.11 302.749694 -27.439285 36.781
 12    57.143 52619.56336808 45.90 302.748844 -27.442565 36.781
 12    56.982 52619.56336872 39.05 302.747984 -27.445855 36.781
 12    57.000 52619.56336937 30.54 302.747124 -27.449135 36.781
 12    56.790 52619.56337001 30.70 302.746274 -27.452425 36.781
 12    57.077 52619.56337066 38.82 302.745414 -27.455705 36.781
 12    57.054 52619.56337130 48.32 302.744554 -27.458985 36.781
 12    56.965 52619.56337195 50.55 302.743694 -27.462275 36.781
 12    57.113 52619.56337259 41.49 302.742844 -27.465555 36.781
 12    56.928 52619.56337324 27.19 302.741984 -27.468835 36.781
 12    56.428 52619.56337388 26.25 302.741124 -27.472125 36.781
 12    56.924 52619.56337453 27.25 302.740274 -27.475405 36.781
 13    55.289 52654.56335158 51.19 302.757542 -27.433453 36.709
 13    55.359 52654.56335222 50.05 302.756682 -27.436733 36.709
 13    55.311 52654.56335287 47.37 302.755822 -27.440013 36.709
 13    55.215 52654.56335351 48.87 302.754962 -27.443303 36.709
 13    55.335 52654.56335416 43.20 302.754112 -27.446583 36.709
 13    55.201 52654.56335480 49.51 302.753252 -27.449863 36.709
 13    55.243 52654.56335545 49.43 302.752392 -27.453153 36.709
 13    55.358 52654.56335609 47.27 302.751532 -27.456433 36.709
 13    55.326 52654.56335674 45.06 302.750682 -27.459713 36.709
 13    55.314 52654.56335738 47.63 302.749822 -27.463003 36.709
 13    55.196 52654.56335803 39.58 302.748962 -27.466283 36.709
 13    55.160 52654.56335867 49.20 302.748102 -27.469573 36.709
 13    55.180 52654.56335932 50.18 302.747252 -27.472853 36.709
 13    55.255 52654.56335996 50.82 302.746392 -27.476133 36.709
 13    55.352 52654.56336061 51.83 302.745532 -27.479423 36.709
 14    56.061 52689.56334619 29.58 302.755137 -27.431993 35.533
 14    56.163 52689.56334683 38.19 302.754277 -27.435273 35.533
 14    56.257 52689.56334747 34.01 302.753427 -27.438563 35.533
 14    56.037 52689.56334812 31.26 302.752567 -27.441843 35.533
 14    56.029 52689.56334876 43.86 302.751707 -27.445123 35.533
 14    56.058 52689.56334941 30.46 302.750847 -27.448413 35.533
 14    55.651 52689.56335005 21.89 302.749997 -27.451693 35.533
 14    55.809 52689.56335070 21.29 302.749137 -27.454973 35.533
 14    56.264 52689.56335134 30.70 302.748277 -27.458264 26.003
 14    56.304 52689.56335199 37.98 302.747427 -27.461544 26.003
 14    56.103 52689.56335263 42.48 302.746567 -27.464824 26.003
 14    56.176 52689.56335328 38.51 302.745707 -27.468114 26.003
 14    55.918 52689.56335392 27.85 302.744847 -27.471394 26.003
 14    55.684 52689.56335457 22.04 302.743997 -27.474674 26.003
 14    66.791 52689.56335521 20.53 302.743137 -27.477964 26.003
 15    55.588 52724.56339089 33.44 302.752510 -27.431125 18.074
 15    55.520 52724.56339153 41.29 302.751660 -27.434405 18.074
 15    55.504 52724.56339218 42.61 302.750800 -27.437685 18.074
 15    55.502 52724.56339282 46.06 302.749940 -27.440975 18.074
 15    55.593 52724.56339347 46.34 302.749090 -27.444255 18.074
 15    55.658 52724.56339411 33.85 302.748230 -27.447535 18.074
 15    55.193 52724.56339476 24.25 302.747370 -27.450825 18.074
 15    55.470 52724.56339540 23.71 302.746510 -27.454105 18.074
 15    55.608 52724.56339605 28.62 302.745660 -27.457385 18.074
 15    56.115 52724.56339669 39.57 302.744801 -27.460674 14.943
 15    56.515 52724.56339734 37.03 302.743941 -27.463954 14.943
 15    55.706 52724.56339798 33.65 302.743081 -27.467234 14.943
 15    55.435 52724.56339862 30.92 302.742221 -27.470524 14.943
 15    55.503 52724.56339927 30.77 302.741371 -27.473804 14.943
 15    55.506 52724.56339991 36.14 302.740511 -27.477084 14.943
 16    55.577 52759.56341001 36.67 302.742875 -27.432282 26.070
 16    55.451 52759.56341065 35.66 302.742025 -27.435562 26.070
 16    55.487 52759.56341130 32.00 302.741165 -27.438852 26.070
 16    55.420 52759.56341194 42.75 302.740305 -27.442132 26.070
 16    55.483 52759.56341259 35.42 302.739455 -27.445412 26.070
 16    55.127 52759.56341323 22.02 302.738595 -27.448702 26.070
 16    55.256 52759.56341388 22.32 302.737735 -27.451982 26.070
 16    55.249 52759.56341452 29.61 302.736885 -27.455272 26.070
 16    55.366 52759.56341517 38.05 302.736025 -27.458552 26.070
 16    55.448 52759.56341581 40.27 302.735165 -27.461832 26.070
 16    55.417 52759.56341646 27.21 302.734305 -27.465122 26.070
 16    62.332 52759.56341710 21.81 302.733455 -27.468402 26.070
 16    64.057 52759.56341775 21.53 302.732595 -27.471682 26.070
 16    55.499 52759.56341839 29.51 302.731735 -27.474972 26.070
 17    54.966 52794.56336494 23.76 302.753310 -27.432664 25.580
 17    54.931 52794.56336558 36.15 302.752450 -27.435944 25.580
 17    54.834 52794.56336623 34.66 302.751600 -27.439224 25.580
 17    54.874 52794.56336687 33.04 302.750740 -27.442514 25.580
 17    54.794 52794.56336751 39.30 302.749880 -27.445794 25.580
 17    54.758 52794.56336816 30.22 302.749020 -27.449084 25.580
 17    54.287 52794.56336880 19.45 302.748170 -27.452364 25.580
 17    54.522 52794.56336945 19.88 302.747310 -27.455644 25.580
 17    54.888 52794.56337009 24.60 302.746450 -27.458934 25.580
 17    54.847 52794.56337074 29.25 302.745590 -27.462214 25.580
 17    54.821 52794.56337138 31.65 302.744730 -27.465494 25.580
 17    55.114 52794.56337203 26.89 302.743880 -27.468784 25.580
 17    54.843 52794.56337267 26.05 302.743020 -27.472064 25.580
 17    54.801 52794.56337332 26.57 302.742160 -27.475344 25.580
 17    54.732 52794.56337396 31.21 302.741299 -27.478632 20.412
 18    54.561 52829.56343185 22.78 302.755283 -27.431905 21.852
 18    54.447 52829.56343249 27.13 302.754423 -27.435195 21.852
 18    54.344 52829.56343314 30.38 302.753563 -27.438475 21.852
 18    54.489 52829.56343378 30.29 302.752713 -27.441755 21.852
 18    54.466 52829.56343443 34.79 302.751853 -27.445045 21.852
 18    54.319 52829.56343507 34.23 302.750993 -27.448325 21.852
 18    53.985 52829.56343572 20.91 302.750133 -27.451615 21.852
 18    53.913 52829.56343636 20.12 302.749283 -27.454895 21.852
 18    54.643 52829.56343700 20.07 302.748423 -27.458175 21.852
 18    54.641 52829.56343765 27.05 302.747563 -27.461465 21.852
 18    54.831 52829.56343829 27.49 302.746703 -27.464745 21.852
 18    54.478 52829.56343894 24.03 302.745843 -27.468025 21.852
 18    54.295 52829.56343958 23.29 302.744993 -27.471315 21.852
 18    54.271 52829.56344023 23.32 302.744133 -27.474595 21.852
 18    54.514 52829.56344087 27.89 302.743273 -27.477875 21.852
 19    54.706 52864.56347661 51.68 302.758065 -27.433658 33.301
 19    54.708 52864.56347726 43.58 302.757205 -27.436948 33.301
 19    54.739 52864.56347790 43.43 302.756345 -27.440228 33.301
 19    54.548 52864.56347855 46.32 302.755495 -27.443508 33.301
 19    54.615 52864.56347919 38.59 302.754635 -27.446798 33.301
 19    54.596 52864.56347983 44.06 302.753775 -27.450078 33.301
 19    54.597 52864.56348048 42.12 302.752915 -27.453368 33.301
 19    54.714 52864.56348112 45.30 302.752065 -27.456648 33.301
 19    54.782 52864.56348177 44.51 302.751205 -27.459928 33.301
 19    54.576 52864.56348241 38.11 302.750345 -27.463218 33.301
 19    54.597 52864.56348306 35.29 302.749485 -27.466498 33.301
 19    54.689 52864.56348370 45.87 302.748625 -27.469778 33.301
 19    54.667 52864.56348435 45.93 302.747775 -27.473068 33.301
 19    54.594 52864.56348499 42.27 302.746915 -27.476348 33.301
 19    54.685 52864.56348564 38.76 302.746055 -27.479628 33.301
 20    54.837 52899.56350537 32.25 302.751894 -27.430885 24.853
 20    54.841 52899.56350602 40.74 302.751034 -27.434175 24.853
 20    54.854 52899.56350666 43.59 302.750174 -27.437455 24.853
 20    54.764 52899.56350731 44.54 302.749324 -27.440735 24.853
 20    54.965 52899.56350795 42.80 302.748464 -27.444025 24.853
 20    54.696 52899.56350860 35.64 302.747604 -27.447305 24.853
 20    54.600 52899.56350924 23.42 302.746744 -27.450595 24.853
 20    54.316 52899.56350989 21.94 302.745894 -27.453875 24.853
 20    54.558 52899.56351053 25.02 302.745034 -27.457155 24.853
 20    54.601 52899.56351118 30.79 302.744174 -27.460445 24.853
 20    54.543 52899.56351182 30.69 302.743324 -27.463725 24.853
 20    54.720 52899.56351247 40.20 302.742464 -27.467005 24.853
 20    54.947 52899.56351311 43.84 302.741604 -27.470295 24.853
 20    54.647 52899.56351376 44.04 302.740744 -27.473575 24.853
 20    54.710 52899.56351440 44.62 302.739894 -27.476855 24.853
 21    54.974 52934.56344953 22.89 302.752115 -27.433480 25.730
 21    54.797 52934.56345018 31.08 302.751255 -27.436760 25.730
 21    54.779 52934.56345082 30.87 302.750405 -27.440040 25.730
 21    54.846 52934.56345147 36.73 302.749545 -27.443330 25.730
 21    54.763 52934.56345211 37.50 302.748685 -27.446610 25.730
 21    54.710 52934.56345276 27.47 302.747825 -27.449890 25.730
 21    54.300 52934.56345340 21.44 302.746975 -27.453180 25.730
 21    54.735 52934.56345405 24.06 302.746115 -27.456460 25.730
 21    54.836 52934.56345469 32.51 302.745255 -27.459750 25.730
 21    54.936 52934.56345534 30.88 302.744405 -27.463030 25.730
 21    54.936 52934.56345598 30.38 302.743545 -27.466310 25.730
 21    62.822 52934.56345663 23.87 302.742685 -27.469600 25.730
 21    64.955 52934.56345727 23.38 302.741835 -27.472880 25.730
 21    55.023 52934.56345791 30.31 302.740975 -27.476160 25.730
 23    55.305 53004.56348343 21.62 302.745868 -27.431919 24.329
 23    55.178 53004.56348408 23.66 302.745008 -27.435199 24.329
 23    55.446 53004.56348472 25.76 302.744158 -27.438479 24.329
 23    55.438 53004.56348537 35.09 302.743298 -27.441769 24.329
 23    55.401 53004.56348601 35.81 302.742438 -27.445049 24.329
 23    55.359 53004.56348666 26.59 302.741578 -27.448339 24.329
 23    55.567 53004.56348730 24.67 302.740728 -27.451619 24.329
 23    55.683 53004.56348795 34.12 302.739868 -27.454899 24.329
 23    55.859 53004.56348859 44.16 302.739008 -27.458189 24.329
 23    55.778 53004.56348924 40.25 302.738148 -27.461469 24.329
 23    55.664 53004.56348988 30.17 302.737298 -27.464749 24.329
 23    55.056 53004.56349052 26.88 302.736438 -27.468039 24.329
 23    55.686 53004.56349117 27.92 302.735578 -27.471319 24.329
 23    56.213 53004.56349181 32.67 302.734718 -27.474599 24.329
 24    54.436 53039.56343284 26.51 302.744856 -27.431112 30.554
 24    54.345 53039.56343348 21.93 302.743996 -27.434392 30.554
 24    54.518 53039.56343413 25.89 302.743146 -27.437672 30.554
 24    54.655 53039.56343477 37.47 302.742286 -27.440962 30.554
 24    54.577 53039.56343541 44.70 302.741426 -27.444242 30.554
 24    54.526 53039.56343606 33.72 302.740566 -27.447532 30.554
 24    54.416 53039.56343670 23.87 302.739716 -27.450812 30.554
 24    54.629 53039.56343735 34.23 302.738856 -27.454092 30.554
 24    54.858 53039.56343799 35.65 302.737996 -27.457382 30.554
 24    54.915 53039.56343864 35.58 302.737136 -27.460662 30.554
 24    54.988 53039.56343928 27.14 302.736276 -27.463942 30.554
 24    54.409 53039.56343993 19.25 302.735416 -27.467232 30.554
 24    55.213 53039.56344057 17.78 302.734566 -27.470512 30.554
 24    55.825 53039.56344122 21.55 302.733706 -27.473792 30.554
 25    55.516 53074.56346392 49.60 302.749589 -27.432607 22.511
 25    55.094 53074.56346457 46.92 302.748739 -27.435897 22.511
 25    54.419 53074.56346521 49.78 302.747879 -27.439177 22.511
 25    54.996 53074.56346586 48.56 302.747019 -27.442457 22.511
 25    54.750 53074.56346650 41.47 302.746159 -27.445747 22.511
 25    54.474 53074.56346714 38.24 302.745309 -27.449027 22.511
 25    54.486 53074.56346779 38.19 302.744449 -27.452307 22.511
 25    54.279 53074.56346843 32.34 302.743589 -27.455597 22.511
 25    54.328 53074.56346908 31.55 302.742729 -27.458877 22.511
 25    54.465 53074.56346972 35.40 302.741879 -27.462157 22.511
 25    54.376 53074.56347037 45.76 302.741022 -27.465447 23.025
 25    54.395 53074.56347101 50.61 302.740162 -27.468727 23.025
 25    54.490 53074.56347166 49.23 302.739302 -27.472007 23.025
 25    54.336 53074.56347230 49.96 302.738442 -27.475297 23.025
 26    54.020 53109.56343294 37.06 302.743473 -27.429494 25.994
 26    53.952 53109.56343359 29.78 302.742613 -27.432774 25.994
 26    53.982 53109.56343423 36.32 302.741763 -27.436054 25.994
 26    54.059 53109.56343488 30.20 302.740903 -27.439344 25.994
 26    53.970 53109.56343552 39.54 302.740043 -27.442624 25.994
 26    53.985 53109.56343617 30.36 302.739183 -27.445914 25.994
 26    53.753 53109.56343681 20.43 302.738323 -27.449194 25.994
 26    54.056 53109.56343746 19.88 302.737473 -27.452474 25.994
 26    54.351 53109.56343810 27.77 302.736613 -27.455764 25.994
 26    54.503 53109.56343874 34.81 302.735753 -27.459044 25.994
 26    54.756 53109.56343939 33.52 302.734893 -27.462324 25.994
 26    54.119 53109.56344003 33.22 302.734043 -27.465614 25.994
 26    53.872 53109.56344068 25.06 302.733183 -27.468894 25.994
 26    53.926 53109.56344132 21.82 302.732323 -27.472174 25.994
 27    55.640 53144.56347413 25.05 302.749318 -27.430462 19.852
 27    55.448 53144.56347477 25.76 302.748458 -27.433752 19.852
 27    55.226 53144.56347542 36.08 302.747608 -27.437032 19.852
 27    55.326 53144.56347606 32.91 302.746748 -27.440312 19.852
 27    55.172 53144.56347671 45.80 302.745888 -27.443602 19.852
 27    55.328 53144.56347735 39.38 302.745028 -27.446882 19.852
 27    55.162 53144.56347800 29.52 302.744178 -27.450162 19.852
 27    55.221 53144.56347864 31.38 302.743318 -27.453442 19.852
 27    55.300 53144.56347929 34.47 302.742458 -27.456732 19.852
 27    55.156 53144.56347993 33.17 302.741598 -27.460012 19.852
 27    55.259 53144.56348058 34.41 302.740746 -27.463300  9.483
 27    55.022 53144.56348122 26.58 302.739886 -27.466580  9.483
 27    54.937 53144.56348187 20.36 302.739026 -27.469860  9.483
 27    54.906 53144.56348251 20.84 302.738176 -27.473150  9.483
 27    54.913 53144.56348316 20.20 302.737316 -27.476430  9.483
 28    55.256 53179.56348938 49.82 302.754759 -27.433271 34.630
 28    55.639 53179.56349002 44.70 302.753899 -27.436561 34.630
 28    55.276 53179.56349067 51.25 302.753039 -27.439841 34.630
 28    55.447 53179.56349131 48.56 302.752189 -27.443121 34.630
 28    55.303 53179.56349196 46.66 302.751329 -27.446411 34.630
 28    55.414 53179.56349260 49.06 302.750469 -27.449691 34.630
 28    55.382 53179.56349325 47.21 302.749609 -27.452981 34.630
 28    55.388 53179.56349389 47.84 302.748759 -27.456261 34.630
 28    55.367 53179.56349453 43.65 302.747899 -27.459541 34.630
 28    55.399 53179.56349518 35.52 302.747039 -27.462831 34.630
 28    55.305 53179.56349582 39.54 302.746179 -27.466111 34.630
 28    55.355 53179.56349647 51.32 302.745329 -27.469391 34.630
 28    55.214 53179.56349711 48.36 302.744469 -27.472681 34.630
 28    55.303 53179.56349776 39.15 302.743609 -27.475961 34.630
 28    55.331 53179.56349840 35.25 302.742749 -27.479241 34.630
 29    55.686 53214.56351087 27.63 302.750214 -27.431454 26.058
 29    55.684 53214.56351151 24.23 302.749364 -27.434734 26.058
 29    55.553 53214.56351216 24.31 302.748504 -27.438024 26.058
 29    55.609 53214.56351280 27.72 302.747644 -27.441304 26.058
 29    55.753 53214.56351345 27.67 302.746794 -27.444584 26.058
 29    55.565 53214.56351409 29.07 302.745934 -27.447874 26.058
 29    55.432 53214.56351474 26.44 302.745074 -27.451154 26.058
 29    55.596 53214.56351538 26.68 302.744214 -27.454444 26.058
 29    55.781 53214.56351603 34.50 302.743364 -27.457724 26.058
 29    55.830 53214.56351667 40.08 302.742504 -27.461004 26.058
 29    55.733 53214.56351732 40.70 302.741644 -27.464294 26.058
 29    55.631 53214.56351796 28.37 302.740784 -27.467574 26.058
 29    55.219 53214.56351860 19.48 302.739934 -27.470854 26.058
 29    55.278 53214.56351925 20.05 302.739074 -27.474144 26.058
 29    55.930 53214.56351989 22.84 302.738214 -27.477424 26.058
 30    54.757 53249.56348049 44.13 302.754569 -27.432340 28.631
 30    54.668 53249.56348114 34.76 302.753709 -27.435620 28.631
 30    54.495 53249.56348178 32.18 302.752859 -27.438900 28.631
 30    54.710 53249.56348243 31.22 302.751999 -27.442190 28.631
 30    54.605 53249.56348307 41.77 302.751139 -27.445470 28.631
 30    54.697 53249.56348372 30.93 302.750279 -27.448760 28.631
 30    54.198 53249.56348436 23.49 302.749429 -27.452040 28.631
 30    54.366 53249.56348500 22.78 302.748569 -27.455320 28.631
 30    55.014 53249.56348565 23.93 302.747709 -27.458610 28.631
 30    55.209 53249.56348629 26.75 302.746859 -27.461890 28.631
 30    54.997 53249.56348694 33.71 302.745999 -27.465170 28.631
 30    54.627 53249.56348758 45.80 302.745139 -27.468460 28.631
 30    54.715 53249.56348823 48.04 302.744279 -27.471740 28.631
 30    54.851 53249.56348887 42.30 302.743429 -27.475020 28.631
 30    54.637 53249.56348952 36.49 302.742572 -27.478311 15.200
 31    54.178 53284.56347655 25.67 302.744621 -27.431302 28.058
 31    54.415 53284.56347719 17.99 302.743761 -27.434592 28.058
 31    54.727 53284.56347784 22.52 302.742901 -27.437872 28.058
 31    54.777 53284.56347848 25.58 302.742041 -27.441162 28.058
 31    54.527 53284.56347913 25.24 302.741191 -27.444442 28.058
 31    54.448 53284.56347977 18.28 302.740331 -27.447722 28.058
 31    54.435 53284.56348041 16.00 302.739471 -27.451002 28.058
 31    54.753 53284.56348106 23.60 302.738611 -27.454292 28.058
 31    54.663 53284.56348170 35.22 302.737751 -27.457572 28.058
 31    54.786 53284.56348235 37.73 302.736901 -27.460862 28.058
 31    54.932 53284.56348299 35.15 302.736041 -27.464142 28.058
 31    54.422 53284.56348364 21.20 302.735181 -27.467422 28.058
 31    54.951 53284.56348428 20.54 302.734323 -27.470710 19.409
 31    55.438 53284.56348493 20.85 302.733463 -27.473990 19.409
 32    57.194 53319.56346519 47.17 302.756833 -27.433797 46.127
 32    57.072 53319.56346584 48.27 302.755973 -27.437077 46.127
 32    57.048 53319.56346648 48.49 302.755113 -27.440367 46.127
 32    57.089 53319.56346713 47.96 302.754253 -27.443647 46.127
 32    57.153 53319.56346777 47.26 302.753403 -27.446927 46.127
 32    57.168 53319.56346842 44.06 302.752543 -27.450217 46.127
 32    57.076 53319.56346906 41.54 302.751683 -27.453497 46.127
 32    57.204 53319.56346971 48.89 302.750823 -27.456787 46.127
 32    57.204 53319.56347035 47.81 302.749973 -27.460067 46.127
 32    57.123 53319.56347100 50.65 302.749113 -27.463347 46.127
 32    57.172 53319.56347164 48.83 302.748253 -27.466637 46.127
 32    57.149 53319.56347229 42.13 302.747393 -27.469917 46.127
 32    57.039 53319.56347293 44.32 302.746543 -27.473197 46.127
 32    57.016 53319.56347357 34.56 302.745683 -27.476487 46.127
 32    57.054 53319.56347422 46.47 302.744823 -27.479767 46.127
 33    55.951 53354.56343226 35.41 302.759970 -27.432242 28.649
 33    55.646 53354.56343290 29.19 302.759120 -27.435522 28.649
 33    55.255 53354.56343355 25.66 302.758260 -27.438812 28.649
 33    55.073 53354.56343419 24.69 302.757400 -27.442092 28.649
 33    55.052 53354.56343484 37.74 302.756550 -27.445372 28.649
 33    55.193 53354.56343548 31.96 302.755690 -27.448662 28.649
 33    55.183 53354.56343613 19.88 302.754830 -27.451942 28.649
 33    54.779 53354.56343677 19.06 302.753980 -27.455232 28.649
 33    55.432 53354.56343741 23.40 302.753120 -27.458512 28.649
 33    55.327 53354.56343806 34.42 302.752260 -27.461792 28.649
 33    55.410 53354.56343870 35.68 302.751400 -27.465082 28.649
 33    55.488 53354.56343935 39.65 302.750550 -27.468362 28.649
 33    55.317 53354.56343999 28.77 302.749690 -27.471642 28.649
 33    54.853 53354.56344064 24.92 302.748830 -27.474932 28.649
 33    54.809 53354.56344128 23.09 302.747970 -27.478212 28.649
 33    57.226 53354.56344193 25.57 302.747120 -27.481492 28.649
 34    56.010 53389.56343634 32.95 302.748287 -27.431232 27.311
 34    55.969 53389.56343699 38.53 302.747437 -27.434512 27.311
 34    55.870 53389.56343763 41.48 302.746577 -27.437802 27.311
 34    55.905 53389.56343828 39.90 302.745717 -27.441082 27.311
 34    55.814 53389.56343892 45.73 302.744857 -27.444372 27.311
 34    55.745 53389.56343957 32.32 302.744007 -27.447652 27.311
 34    55.949 53389.56344021 30.22 302.743147 -27.450932 27.311
 34    55.908 53389.56344085 36.08 302.742287 -27.454222 27.311
 34    55.652 53389.56344150 43.63 302.741427 -27.457502 27.311
 34    55.862 53389.56344214 38.94 302.740567 -27.460782 27.311
 34    55.812 53389.56344279 38.32 302.739717 -27.464072 27.311
 34    55.821 53389.56344343 27.11 302.738857 -27.467352 27.311
 34    55.612 53389.56344408 23.54 302.737997 -27.470632 27.311
 34    55.472 53389.56344472 21.98 302.737137 -27.473920 12.541
 35    55.588 53424.56343521 31.90 302.758032 -27.434351 33.603
 35    55.232 53424.56343585 32.94 302.757182 -27.437631 33.603
 35    55.225 53424.56343650 42.64 302.756322 -27.440921 33.603
 35    55.253 53424.56343714 46.98 302.755462 -27.444201 33.603
 35    55.259 53424.56343779 43.03 302.754602 -27.447491 33.603
 35    55.245 53424.56343843 46.77 302.753752 -27.450771 33.603
 35    55.334 53424.56343908 45.69 302.752892 -27.454051 33.603
 35    55.217 53424.56343972 48.12 302.752032 -27.457341 33.603
 35    55.339 53424.56344037 43.36 302.751182 -27.460621 33.603
 35    55.573 53424.56344101 36.49 302.750322 -27.463901 33.603
 35    55.487 53424.56344165 42.17 302.749462 -27.467191 33.603
 35    55.310 53424.56344230 47.59 302.748602 -27.470471 33.603
 35    55.158 53424.56344294 50.58 302.747752 -27.473751 33.603
 35    55.207 53424.56344359 53.11 302.746892 -27.477041 16.111
 35    55.252 53424.56344423 48.89 302.746032 -27.480321 16.111
 36    55.976 53459.56343950 21.57 302.755348 -27.431053 19.420
 36    55.104 53459.56344014 25.36 302.754488 -27.434333 19.420
 36    54.522 53459.56344078 28.78 302.753638 -27.437623 19.420
 36    54.512 53459.56344143 37.86 302.752778 -27.440903 19.420
 36    54.548 53459.56344207 44.15 302.751918 -27.444183 19.420
 36    54.497 53459.56344272 37.10 302.751058 -27.447473 19.420
 36    54.276 53459.56344336 26.23 302.750208 -27.450753 19.420
 36    54.347 53459.56344401 21.84 302.749348 -27.454033 19.420
 36    54.521 53459.56344465 19.94 302.748488 -27.457323 19.420
 36    55.081 53459.56344530 22.24 302.747628 -27.460603 19.420
 36    55.037 53459.56344594 28.98 302.746768 -27.463883 19.420
 36    54.878 53459.56344659 25.32 302.745918 -27.467173 19.420
 36    54.566 53459.56344723 28.28 302.745058 -27.470453 19.420
 36    54.513 53459.56344788 27.86 302.744198 -27.473733 19.420
 36    54.420 53459.56344852 29.69 302.743338 -27.477022 13.014
 37    54.676 53494.56352446 31.78 302.744445 -27.429625 21.037
 37    54.529 53494.56352511 26.39 302.743585 -27.432905 21.037
 37    54.289 53494.56352575 24.73 302.742735 -27.436185 21.037
 37    54.783 53494.56352640 24.30 302.741875 -27.439475 21.037
 37    54.532 53494.56352704 28.87 302.741015 -27.442755 21.037
 37    54.489 53494.56352769 28.62 302.740155 -27.446045 21.037
 37    54.275 53494.56352833 22.75 302.739305 -27.449325 21.037
 37    54.679 53494.56352897 20.36 302.738445 -27.452605 21.037
 37    54.937 53494.56352962 28.60 302.737585 -27.455895 21.037
 37    54.957 53494.56353026 37.59 302.736725 -27.459175 21.037
 37    55.127 53494.56353091 39.07 302.735875 -27.462455 21.037
 37    54.806 53494.56353155 27.60 302.735015 -27.465745 21.037
 37    54.418 53494.56353220 20.43 302.734155 -27.469025 21.037
 37    55.060 53494.56353284 22.01 302.733295 -27.472305 21.037
 38    55.759 53529.56350010 36.84 302.758562 -27.432364 28.652
 38    54.825 53529.56350075 33.19 302.757702 -27.435654 28.652
 38    54.386 53529.56350139 36.43 302.756842 -27.438934 28.652
 38    54.487 53529.56350204 26.60 302.755992 -27.442214 28.652
 38    54.508 53529.56350268 37.90 302.755132 -27.445504 28.652
 38    54.598 53529.56350333 34.46 302.754272 -27.448784 28.652
 38    54.569 53529.56350397 26.13 302.753412 -27.452074 28.652
 38    54.606 53529.56350462 23.54 302.752562 -27.455354 28.652
 38    55.174 53529.56350526 26.91 302.751702 -27.458634 28.652
 38    55.210 53529.56350591 36.66 302.750842 -27.461924 28.652
 38    55.429 53529.56350655 36.55 302.749982 -27.465204 28.652
 38    54.885 53529.56350720 42.92 302.749132 -27.468484 28.652
 38    54.725 53529.56350784 43.51 302.748272 -27.471774 28.652
 38    54.606 53529.56350848 39.09 302.747412 -27.475054 28.652
 38    54.539 53529.56350913 33.47 302.746552 -27.478334 28.652
 39    54.679 53564.56353115 32.03 302.747258 -27.431185 20.565
 39    54.615 53564.56353180 25.41 302.746398 -27.434465 20.565
 39    54.796 53564.56353244 23.27 302.745538 -27.437745 20.565
 39    54.963 53564.56353309 32.22 302.744688 -27.441035 20.565
 39    54.825 53564.56353373 32.11 302.743828 -27.444315 20.565
 39    54.582 53564.56353437 23.84 302.742968 -27.447605 20.565
 39    54.676 53564.56353502 20.08 302.742118 -27.450885 20.565
 39    55.345 53564.56353566 25.31 302.741258 -27.454165 20.565
 39    55.281 53564.56353631 38.18 302.740398 -27.457455 20.565
 39    55.200 53564.56353695 37.33 302.739538 -27.460735 20.565
 39    55.009 53564.56353760 36.17 302.738688 -27.464015 20.565
 39    54.787 53564.56353824 23.03 302.737828 -27.467305 20.565
 39    54.527 53564.56353889 21.48 302.736968 -27.470585 20.565
 39    54.797 53564.56353953 22.59 302.736118 -27.473865 20.565
 40    55.413 53599.56347257 20.93 302.757114 -27.432005 24.696
 40    54.514 53599.56347321 24.87 302.756254 -27.435285 24.696
 40    54.255 53599.56347386 23.26 302.755404 -27.438565 24.696
 40    54.346 53599.56347450 29.40 302.754544 -27.441855 24.696
 40    54.381 53599.56347515 38.92 302.753684 -27.445135 24.696
 40    54.471 53599.56347579 38.43 302.752824 -27.448425 24.696
 40    54.078 53599.56347644 25.91 302.751974 -27.451705 24.696
 40    54.210 53599.56347708 17.46 302.751114 -27.454985 24.696
 40    54.908 53599.56347773 17.80 302.750254 -27.458275 24.696
 40    54.820 53599.56347837 29.95 302.749404 -27.461555 24.696
 40    55.012 53599.56347902 30.34 302.748544 -27.464835 24.696
 40    54.723 53599.56347966 25.26 302.747684 -27.468125 24.696
 40    54.549 53599.56348031 22.96 302.746824 -27.471405 24.696
 40    54.239 53599.56348095 23.96 302.745974 -27.474685 24.696
 40    54.352 53599.56348160 20.33 302.745116 -27.477975 13.442
 41    56.155 53634.56346942 49.27 302.745418 -27.432203 26.542
 41    55.713 53634.56347007 50.65 302.744568 -27.435483 26.542
 41    55.737 53634.56347071 51.22 302.743708 -27.438773 26.542
 41    55.688 53634.56347136 44.78 302.742848 -27.442053 26.542
 41    55.662 53634.56347200 42.58 302.741988 -27.445343 26.542
 41    55.579 53634.56347264 26.10 302.741138 -27.448623 26.542
 41    55.467 53634.56347329 25.81 302.740278 -27.451903 26.542
 41    55.420 53634.56347393 27.94 302.739418 -27.455193 26.542
 41    55.458 53634.56347458 38.74 302.738558 -27.458473 26.542
 41    55.616 53634.56347522 40.40 302.737708 -27.461753 26.542
 41    55.548 53634.56347587 43.17 302.736848 -27.465043 26.542
 41    55.630 53634.56347651 46.18 302.735988 -27.468323 26.542
 41    55.733 53634.56347716 41.21 302.735128 -27.471603 26.542
 41    55.567 53634.56347780 29.55 302.734269 -27.474891  9.293
 42    56.180 53669.56349066 31.96 302.747015 -27.429735 29.782
 42    55.885 53669.56349131 24.19 302.746155 -27.433015 29.782
 42    55.988 53669.56349195 23.52 302.745305 -27.436295 29.782
 42    56.329 53669.56349260 32.63 302.744445 -27.439585 29.782
 42    56.241 53669.56349324 41.40 302.743585 -27.442865 29.782
 42    56.572 53669.56349389 35.22 302.742725 -27.446155 29.782
 42    55.868 53669.56349453 25.57 302.741875 -27.449435 29.782
 42    56.239 53669.56349518 25.59 302.741015 -27.452715 29.782
 42    56.377 53669.56349582 44.50 302.740155 -27.456005 29.782
 42    56.489 53669.56349646 50.28 302.739305 -27.459285 29.782
 42    56.522 53669.56349711 43.91 302.738445 -27.462565 29.782
 42    56.023 53669.56349775 27.93 302.737585 -27.465855 29.782
 42    55.769 53669.56349840 22.94 302.736725 -27.469135 29.782
 42    55.740 53669.56349904 21.75 302.735865 -27.472415 29.782
 42    56.225 53669.56349969 23.04 302.735012 -27.475704 18.634
 43    55.037 53704.56342890 46.50 302.759469 -27.433180 40.885
 43    55.131 53704.56342954 41.55 302.758619 -27.436460 40.885
 43    54.952 53704.56343019 40.33 302.757759 -27.439750 40.885
 43    54.890 53704.56343083 40.62 302.756899 -27.443030 40.885
 43    54.864 53704.56343148 42.81 302.756049 -27.446310 40.885
 43    54.967 53704.56343212 42.71 302.755189 -27.449600 40.885
 43    54.989 53704.56343276 45.03 302.754329 -27.452880 40.885
 43    54.926 53704.56343341 38.84 302.753469 -27.456170 40.885
 43    55.252 53704.56343405 30.27 302.752619 -27.459450 40.885
 43    55.360 53704.56343470 42.76 302.751759 -27.462730 40.885
 43    55.420 53704.56343534 35.00 302.750899 -27.466020 40.885
 43    55.163 53704.56343599 45.55 302.750049 -27.469300 40.885
 43    55.097 53704.56343663 49.81 302.749189 -27.472580 40.885
 43    54.986 53704.56343728 49.81 302.748329 -27.475870 40.885
 43    55.079 53704.56343792 40.40 302.747469 -27.479150 40.885
 44    55.562 53739.56333860 48.71 302.762217 -27.432439 34.042
 44    55.929 53739.56333925 49.42 302.761367 -27.435729 34.042
 44    55.324 53739.56333989 48.58 302.760507 -27.439009 34.042
 44    55.359 53739.56334054 49.75 302.759647 -27.442289 34.042
 44    55.646 53739.56334118 47.24 302.758797 -27.445579 34.042
 44    55.257 53739.56334183 50.00 302.757937 -27.448859 34.042
 44    55.320 53739.56334247 51.99 302.757087 -27.452149 34.042
 44    55.401 53739.56334312 49.37 302.756227 -27.455429 34.042
 44    55.302 53739.56334376 51.13 302.755367 -27.458709 34.042
 44    55.385 53739.56334440 47.66 302.754507 -27.461999 34.042
 44    55.538 53739.56334505 38.87 302.753657 -27.465279 34.042
 44    55.497 53739.56334569 41.57 302.752797 -27.468559 34.042
 44    55.274 53739.56334634 51.77 302.751937 -27.471849 34.042
 44    55.301 53739.56334698 50.45 302.751087 -27.475129 34.042
 44    55.290 53739.56334763 50.58 302.750227 -27.478409 34.042
 44    55.323 53739.56334827 49.46 302.749366 -27.481701 25.062
 45    54.900 53774.56335765 44.09 302.757274 -27.430896 34.593
 45    54.787 53774.56335829 49.21 302.756414 -27.434186 34.593
 45    55.447 53774.56335894 39.68 302.755564 -27.437466 34.593
 45    54.855 53774.56335958 46.99 302.754704 -27.440746 34.593
 45    54.823 53774.56336023 46.91 302.753844 -27.444036 34.593
 45    54.766 53774.56336087 42.28 302.752984 -27.447316 34.593
 45    54.969 53774.56336152 41.54 302.752134 -27.450596 34.593
 45    54.802 53774.56336216 40.48 302.751274 -27.453886 34.593
 45    54.899 53774.56336281 37.16 302.750414 -27.457166 34.593
 45    55.071 53774.56336345 34.80 302.749554 -27.460456 34.593
 45    55.227 53774.56336410 44.18 302.748704 -27.463736 34.593
 45    54.896 53774.56336474 42.31 302.747844 -27.467016 34.593
 45    54.959 53774.56336539 48.88 302.746984 -27.470306 34.593
 45    54.856 53774.56336603 47.84 302.746124 -27.473586 34.593
 45    54.815 53774.56336667 45.07 302.745274 -27.476866 34.593
 45    54.876 53774.56336732 45.16 302.744414 -27.480156 34.593
 46    55.731 53809.56334131 47.68 302.758725 -27.432183 27.748
 46    56.329 53809.56334196 49.04 302.757875 -27.435463 27.748
 46    55.815 53809.56334260 50.25 302.757015 -27.438753 27.748
 46    55.805 53809.56334325 48.43 302.756155 -27.442033 27.748
 46    55.623 53809.56334389 46.60 302.755305 -27.445313 27.748
 46    55.648 53809.56334454 37.45 302.754445 -27.448603 27.748
 46    55.793 53809.56334518 41.55 302.753585 -27.451883 27.748
 46    55.697 53809.56334583 40.56 302.752725 -27.455163 27.748
 46    55.801 53809.56334647 40.43 302.751875 -27.458453 27.748
 46    55.600 53809.56334712 40.61 302.751015 -27.461733 27.748
 46    55.562 53809.56334776 38.24 302.750155 -27.465023 27.748
 46    55.707 53809.56334841 41.23 302.749305 -27.468303 27.748
 46    55.742 53809.56334905 44.08 302.748445 -27.471583 27.748
 46    55.816 53809.56334970 48.41 302.747585 -27.474873 27.748
 46    55.741 53809.56335034 51.41 302.746735 -27.478153 27.748
 47    55.290 53844.56338319 32.48 302.747603 -27.432322 20.824
 47    55.045 53844.56338383 27.10 302.746743 -27.435602 20.824
 47    55.422 53844.56338448 25.84 302.745883 -27.438892 20.824
 47    55.400 53844.56338512 33.81 302.745023 -27.442172 20.824
 47    55.374 53844.56338576 34.91 302.744173 -27.445452 20.824
 47    55.301 53844.56338641 26.06 302.743313 -27.448742 20.824
 47    55.162 53844.56338705 23.18 302.742453 -27.452022 20.824
 47    55.649 53844.56338770 28.98 302.741593 -27.455312 20.824
 47    55.540 53844.56338834 45.68 302.740743 -27.458592 20.824
 47    55.734 53844.56338899 40.48 302.739883 -27.461872 20.824
 47    55.861 53844.56338963 34.69 302.739023 -27.465162 20.824
 47    55.011 53844.56339028 24.39 302.738163 -27.468442 20.824
 47    54.845 53844.56339092 25.19 302.737303 -27.471722 20.824
 47    54.698 53844.56339157 25.03 302.736453 -27.475012 20.824
 48    55.369 53879.56341224 28.43 302.754493 -27.432890 25.094
 48    54.551 53879.56341288 31.86 302.753633 -27.436170 25.094
 48    54.567 53879.56341353 32.08 302.752783 -27.439450 25.094
 48    54.467 53879.56341417 32.02 302.751923 -27.442740 25.094
 48    54.529 53879.56341482 39.34 302.751063 -27.446020 25.094
 48    54.636 53879.56341546 33.35 302.750203 -27.449310 25.094
 48    54.497 53879.56341611 20.66 302.749353 -27.452590 25.094
 48    54.758 53879.56341675 18.83 302.748493 -27.455870 25.094
 48    55.145 53879.56341740 20.36 302.747633 -27.459160 25.094
 48    55.348 53879.56341804 29.23 302.746773 -27.462440 25.094
 48    55.535 53879.56341869 30.64 302.745923 -27.465720 25.094
 48    54.709 53879.56341933 39.47 302.745063 -27.469010 25.094
 48    54.509 53879.56341997 33.44 302.744203 -27.472290 25.094
 48    54.564 53879.56342062 32.46 302.743343 -27.475570 25.094
 48    54.624 53879.56342126 34.70 302.742487 -27.478859 24.016
 49    54.435 53914.56346801 24.98 302.745182 -27.431364 18.715
 49    54.436 53914.56346865 19.07 302.744332 -27.434644 18.715
 49    54.750 53914.56346930 24.26 302.743472 -27.437924 18.715
 49    54.752 53914.56346994 26.45 302.742612 -27.441214 18.715
 49    54.674 53914.56347059 23.66 302.741752 -27.444494 18.715
 49    54.281 53914.56347123 19.19 302.740902 -27.447774 18.715
 49    54.145 53914.56347188 18.58 302.740042 -27.451064 18.715
 49    54.747 53914.56347252 18.49 302.739182 -27.454344 18.715
 49    54.735 53914.56347317 35.30 302.738322 -27.457634 18.715
 49    54.765 53914.56347381 37.39 302.737472 -27.460914 18.715
 49    54.958 53914.56347446 30.25 302.736612 -27.464194 18.715
 49    54.570 53914.56347510 19.56 302.735752 -27.467484 18.715
 49    54.383 53914.56347575 21.56 302.734892 -27.470764 18.715
 49    54.599 53914.56347639 24.88 302.734042 -27.474044 18.715
 50    54.333 53949.56347861 30.91 302.744652 -27.429522 20.918
 50    54.218 53949.56347925 26.32 302.743792 -27.432812 20.918
 50    54.327 53949.56347990 25.30 302.742932 -27.436092 20.918
 50    54.294 53949.56348054 27.18 302.742082 -27.439372 20.918
 50    54.359 53949.56348119 37.02 302.741222 -27.442662 20.918
 50    54.366 53949.56348183 31.39 302.740362 -27.445942 20.918
 50    54.511 53949.56348248 27.60 302.739512 -27.449232 20.918
 50    54.391 53949.56348312 28.60 302.738652 -27.452512 20.918
 50    54.464 53949.56348377 28.50 302.737792 -27.455792 20.918
 50    54.574 53949.56348441 34.79 302.736932 -27.459082 20.918
 50    54.502 53949.56348505 37.78 302.736082 -27.462362 20.918
 50    54.335 53949.56348570 32.14 302.735222 -27.465642 20.918
 50    54.089 53949.56348634 25.89 302.734362 -27.468932 20.918
 50    54.243 53949.56348699 23.58 302.733502 -27.472212 20.918
 50    54.439 53949.56348763 25.16 302.732652 -27.475492 20.918
 51    54.104 53984.56341743 29.47 302.754084 -27.432546 15.944
 51    54.116 53984.56341807 37.92 302.753234 -27.435826 15.944
 51    54.146 53984.56341872 35.27 302.752374 -27.439116 15.944
 51    54.025 53984.56341936 31.74 302.751514 -27.442396 15.944
 51    54.088 53984.56342001 32.11 302.750664 -27.445676 15.944
 51    54.031 53984.56342065 27.90 302.749804 -27.448966 15.944
 51    53.639 53984.56342130 19.15 302.748944 -27.452246 15.944
 51    53.823 53984.56342194 19.78 302.748084 -27.455526 15.944
 51    54.455 53984.56342258 20.28 302.747234 -27.458816 15.944
 51    54.657 53984.56342323 25.62 302.746374 -27.462096 15.944
 51    54.644 53984.56342387 26.55 302.745514 -27.465386 15.944
 51    54.100 53984.56342452 32.40 302.744664 -27.468666 15.944
 51    54.289 53984.56342516 28.71 302.743804 -27.471946 15.944
 51    54.015 53984.56342581 27.89 302.742944 -27.475236 15.944
 51    54.179 53984.56342645 24.80 302.742084 -27.478516 15.944
 52    55.047 54019.56345230 44.51 302.751442 -27.431808 17.970
 52    55.119 54019.56345294 47.39 302.750592 -27.435088 17.970
 52    55.073 54019.56345359 39.03 302.749732 -27.438368 17.970
 52    55.008 54019.56345423 32.30 302.748872 -27.441658 17.970
 52    55.061 54019.56345488 40.34 302.748012 -27.444938 17.970
 52    55.132 54019.56345552 33.59 302.747162 -27.448218 17.970
 52    54.939 54019.56345617 31.73 302.746302 -27.451508 17.970
 52    55.116 54019.56345681 33.87 302.745442 -27.454788 17.970
 52    55.191 54019.56345746 32.76 302.744582 -27.458078 17.970
 52    55.310 54019.56345810 31.42 302.743732 -27.461358 17.970
 52    55.214 54019.56345875 33.55 302.742872 -27.464638 17.970
 52    55.128 54019.56345939 31.67 302.742012 -27.467928 17.970
 52    54.931 54019.56346004 31.16 302.741152 -27.471208 17.970
 52    55.169 54019.56346068 33.14 302.740292 -27.474488 17.970
 52    55.311 54019.56346132 41.47 302.739442 -27.477778 17.970
 53    55.662 54054.56344342 18.19 302.760651 -27.432740 18.830
 53    55.072 54054.56344406 20.14 302.759801 -27.436020 18.830
 53    54.796 54054.56344470 23.59 302.758941 -27.439300 18.830
 53    54.705 54054.56344535 26.47 302.758081 -27.442590 18.830
 53    54.815 54054.56344599 34.51 302.757221 -27.445870 18.830
 53    55.071 54054.56344664 28.74 302.756371 -27.449150 18.830
 53    54.625 54054.56344728 18.74 302.755511 -27.452440 18.830
 53    54.711 54054.56344793 16.10 302.754651 -27.455720 18.830
 53    55.148 54054.56344857 20.33 302.753791 -27.459010 18.830
 53    55.313 54054.56344922 36.97 302.752941 -27.462290 18.830
 53    55.483 54054.56344986 42.47 302.752081 -27.465570 18.830
 53    55.430 54054.56345051 35.90 302.751221 -27.468860 18.830
 53    55.246 54054.56345115 26.42 302.750361 -27.472140 18.830
 53    54.804 54054.56345180 22.01 302.749511 -27.475420 18.830
 53    54.661 54054.56345244 24.45 302.748651 -27.478710 18.830
 53    54.773 54054.56345309 24.31 302.747791 -27.481990 18.830
 54    55.087 54089.56343318 26.12 302.755516 -27.433160 21.084
 54    55.151 54089.56343382 25.80 302.754656 -27.436440 21.084
 54    55.180 54089.56343446 27.70 302.753796 -27.439730 21.084
 54    55.296 54089.56343511 35.84 302.752936 -27.443010 21.084
 54    55.374 54089.56343575 42.44 302.752086 -27.446290 21.084
 54    55.191 54089.56343640 25.87 302.751226 -27.449580 21.084
 54    54.781 54089.56343704 15.48 302.750366 -27.452860 21.084
 54    54.934 54089.56343769 17.25 302.749506 -27.456140 21.084
 54    55.052 54089.56343833 26.94 302.748656 -27.459430 21.084
 54    55.240 54089.56343898 35.17 302.747796 -27.462710 21.084
 54    55.905 54089.56343962 27.93 302.746936 -27.466000 21.084
 54    55.090 54089.56344027 20.40 302.746086 -27.469280 21.084
 54    65.860 54089.56344091 16.71 302.745226 -27.472560 21.084
 54    67.644 54089.56344220 20.44 302.743506 -27.479130 21.084
 55    57.292 54124.56335786 34.28 302.750603 -27.432145 36.417
 55    57.524 54124.56335851 36.03 302.749753 -27.435425 36.417
 55    57.578 54124.56335915 31.85 302.748893 -27.438715 36.417
 55    57.385 54124.56335980 28.71 302.748033 -27.441995 36.417
 55    57.426 54124.56336044 42.70 302.747173 -27.445285 36.417
 55    57.643 54124.56336109 38.30 302.746323 -27.448565 36.417
 55    56.996 54124.56336173 28.74 302.745463 -27.451845 36.417
 55    57.378 54124.56336238 30.72 302.744603 -27.455135 36.417
 55    57.544 54124.56336302 46.33 302.743743 -27.458415 36.417
 55    57.563 54124.56336366 50.48 302.742893 -27.461695 36.417
 55    57.695 54124.56336431 43.31 302.742033 -27.464975 36.417
 55    57.523 54124.56336495 38.45 302.741173 -27.468265 36.417
 55    57.087 54124.56336560 27.89 302.740313 -27.471545 36.417
 55    57.164 54124.56336624 27.37 302.739452 -27.474833 31.203
 56    57.665 54159.56339966 33.59 302.751383 -27.433212 31.268
 56    57.765 54159.56340030 41.76 302.750523 -27.436492 31.268
 56    57.763 54159.56340095 39.21 302.749673 -27.439772 31.268
 56    57.888 54159.56340159 46.55 302.748813 -27.443062 31.268
 56    57.757 54159.56340224 39.11 302.747953 -27.446342 31.268
 56    57.449 54159.56340288 35.67 302.747093 -27.449632 31.268
 56    57.357 54159.56340353 32.35 302.746243 -27.452912 31.268
 56    57.879 54159.56340417 31.25 302.745383 -27.456192 31.268
 56    57.943 54159.56340481 48.16 302.744523 -27.459482 31.268
 56    57.921 54159.56340546 50.06 302.743673 -27.462762 31.268
 56    57.846 54159.56340610 38.31 302.742813 -27.466042 31.268
 56    57.850 54159.56340675 33.14 302.741953 -27.469332 31.268
 56    57.582 54159.56340739 33.68 302.741093 -27.472612 31.268
 56    57.718 54159.56340804 34.48 302.740233 -27.475892 31.268
 57    55.204 54194.56336015 44.75 302.750465 -27.431535 31.548
 57    55.113 54194.56336080 51.22 302.749605 -27.434815 31.548
 57    55.211 54194.56336144 48.06 302.748754 -27.438105 23.245
 57    55.201 54194.56336209 38.83 302.747894 -27.441385 23.245
 57    55.164 54194.56336273 44.74 302.747034 -27.444665 23.245
 57    55.200 54194.56336338 42.25 302.746184 -27.447955 23.245
 57    55.173 54194.56336402 36.86 302.745324 -27.451235 23.245
 57    55.242 54194.56336467 43.98 302.744464 -27.454515 23.245
 57    55.191 54194.56336531 40.98 302.743604 -27.457805 23.245
 57    55.243 54194.56336596 37.29 302.742754 -27.461085 23.245
 57    55.150 54194.56336660 36.92 302.741894 -27.464365 23.245
 57    55.150 54194.56336725 26.78 302.741034 -27.467655 23.245
 57    54.966 54194.56336789 25.04 302.740174 -27.470935 23.245
 57    54.790 54194.56336853 23.35 302.739314 -27.474225 23.245
 57    66.689 54194.56336918 22.10 302.738464 -27.477505 23.245
 58    55.998 54229.56341072 26.60 302.752409 -27.431160 25.234
 58    55.601 54229.56341136 23.37 302.751549 -27.434450 25.234
 58    55.473 54229.56341201 28.71 302.750689 -27.437730 25.234
 58    55.416 54229.56341265 30.61 302.749829 -27.441020 25.234
 58    55.521 54229.56341330 37.37 302.748979 -27.444300 25.234
 58    55.355 54229.56341394 33.95 302.748119 -27.447580 25.234
 58    55.185 54229.56341459 22.09 302.747259 -27.450870 25.234
 58    55.210 54229.56341523 24.00 302.746399 -27.454150 25.234
 58    55.574 54229.56341588 27.81 302.745549 -27.457430 25.234
 58    55.940 54229.56341652 37.61 302.744689 -27.460720 25.234
 58    55.796 54229.56341717 41.22 302.743829 -27.464000 25.234
 58    55.795 54229.56341781 30.14 302.742969 -27.467280 25.234
 58    55.303 54229.56341845 22.95 302.742116 -27.470569 22.315
 58    65.291 54229.56341910 19.92 302.741256 -27.473849 22.315
 58    66.627 54229.56341974 19.32 302.740396 -27.477129 22.315
 59    55.079 54264.56342934 38.49 302.752811 -27.431607 29.082
 59    55.105 54264.56342999 40.44 302.751951 -27.434897 29.082
 59    54.895 54264.56343063 40.61 302.751091 -27.438177 29.082
 59    54.901 54264.56343128 32.71 302.750231 -27.441467 29.082
 59    55.091 54264.56343192 37.46 302.749381 -27.444747 29.082
 59    55.091 54264.56343257 38.91 302.748521 -27.448027 29.082
 59    54.868 54264.56343321 25.15 302.747661 -27.451317 29.082
 59    54.983 54264.56343386 21.38 302.746811 -27.454597 29.082
 59    55.163 54264.56343450 25.21 302.745951 -27.457877 29.082
 59    55.667 54264.56343515 34.49 302.745091 -27.461167 29.082
 59    55.526 54264.56343579 37.97 302.744231 -27.464447 29.082
 59    55.295 54264.56343643 39.37 302.743381 -27.467727 29.082
 59    55.092 54264.56343708 30.82 302.742519 -27.471014 10.121
 59    54.769 54264.56343772 24.28 302.741659 -27.474294 10.121
 59    55.898 54264.56343837 28.62 302.740799 -27.477574 10.121
 60    54.971 54299.56343343 51.20 302.753893 -27.432484 27.089
 60    54.997 54299.56343407 52.04 302.753033 -27.435774 27.089
 60    54.729 54299.56343472 52.00 302.752173 -27.439054 27.089
 60    54.577 54299.56343536 51.93 302.751313 -27.442344 27.089
 60    54.597 54299.56343601 44.40 302.750463 -27.445624 27.089
 60    54.697 54299.56343665 48.90 302.749603 -27.448904 27.089
 60    54.814 54299.56343730 44.44 302.748743 -27.452194 27.089
 60    54.619 54299.56343794 38.06 302.747893 -27.455474 27.089
 60    54.660 54299.56343858 39.51 302.747033 -27.458754 27.089
 60    54.927 54299.56343923 31.70 302.746173 -27.462044 27.089
 60    54.776 54299.56343987 36.25 302.745313 -27.465324 27.089
 60    54.782 54299.56344052 49.05 302.744463 -27.468604 27.089
 60    54.691 54299.56344116 51.72 302.743602 -27.471893 17.328
 60    54.697 54299.56344181 52.10 302.742742 -27.475173 17.328
 60    54.802 54299.56344245 50.03 302.741882 -27.478453 17.328
 61    54.535 54334.56342284 47.02 302.755408 -27.430685 30.236
 61    54.652 54334.56342348 52.09 302.754558 -27.433975 30.236
 61    54.715 54334.56342413 46.76 302.753698 -27.437255 30.236
 61    54.540 54334.56342477 51.98 302.752838 -27.440545 30.236
 61    54.403 54334.56342542 50.07 302.751988 -27.443825 30.236
 61    54.646 54334.56342606 48.95 302.751128 -27.447105 30.236
 61    54.598 54334.56342671 52.24 302.750268 -27.450395 30.236
 61    54.528 54334.56342735 53.32 302.749418 -27.453675 30.236
 61    54.685 54334.56342799 49.97 302.748558 -27.456955 30.236
 61    54.599 54334.56342864 45.59 302.747698 -27.460245 30.236
 61    54.585 54334.56342928 35.71 302.746838 -27.463525 30.236
 61    54.602 54334.56342993 42.70 302.745988 -27.466805 30.236
 61    54.614 54334.56343057 49.79 302.745131 -27.470095 16.049
 61    54.536 54334.56343122 52.99 302.744271 -27.473375 16.049
 61    54.608 54334.56343186 52.08 302.743411 -27.476655 16.049
 63    55.595 54404.56336734 23.50 302.753412 -27.431529 26.232
 63    55.251 54404.56336798 33.31 302.752552 -27.434809 26.232
 63    55.136 54404.56336863 34.84 302.751702 -27.438099 26.232
 63    55.064 54404.56336927 27.03 302.750842 -27.441379 26.232
 63    55.071 54404.56336992 36.55 302.749982 -27.444669 26.232
 63    55.141 54404.56337056 34.72 302.749132 -27.447949 26.232
 63    55.085 54404.56337121 18.13 302.748272 -27.451229 26.232
 63    54.610 54404.56337185 20.83 302.747412 -27.454519 26.232
 63    55.147 54404.56337250 25.93 302.746562 -27.457799 26.232
 63    55.094 54404.56337314 31.87 302.745702 -27.461079 26.232
 63    55.098 54404.56337379 33.25 302.744842 -27.464369 26.232
 63    55.181 54404.56337443 32.22 302.743982 -27.467649 26.232
 63    55.270 54404.56337508 24.20 302.743122 -27.470929 26.232
 63    54.820 54404.56337572 18.41 302.742272 -27.474219 13.703
 63    55.986 54404.56337636 21.38 302.741412 -27.477499 13.703
 64    55.390 54439.56332475 21.65 302.748646 -27.432485 24.889
 64    54.838 54439.56332540 27.71 302.747786 -27.435775 24.889
 64    54.775 54439.56332604 27.69 302.746926 -27.439055 24.889
 64    54.833 54439.56332669 37.39 302.746066 -27.442345 24.889
 64    54.831 54439.56332733 40.71 302.745216 -27.445625 24.889
 64    54.686 54439.56332798 26.15 302.744356 -27.448905 24.889
 64    55.012 54439.56332862 20.09 302.743496 -27.452195 24.889
 64    55.469 54439.56332927 28.87 302.742636 -27.455475 24.889
 64    55.468 54439.56332991 39.67 302.741776 -27.458755 24.889
 64    55.199 54439.56333056 38.25 302.740926 -27.462045 24.889
 64    55.099 54439.56333120 32.27 302.740066 -27.465325 24.889
 64    54.826 54439.56333185 21.97 302.739206 -27.468605 24.889
 64    54.720 54439.56333249 22.56 302.738344 -27.471894 25.612
 64    54.790 54439.56333313 34.30 302.737494 -27.475174 25.612
 65    55.460 54474.56335392 48.33 302.753897 -27.431183 24.171
 65    55.759 54474.56335456 51.11 302.753037 -27.434463 24.171
 65    55.549 54474.56335520 44.72 302.752177 -27.437753 24.171
 65    55.458 54474.56335585 43.28 302.751317 -27.441033 24.171
 65    55.660 54474.56335649 41.15 302.750467 -27.444313 24.171
 65    55.416 54474.56335714 40.00 302.749607 -27.447603 24.171
 65    55.367 54474.56335778 42.95 302.748747 -27.450883 24.171
 65    55.362 54474.56335843 43.80 302.747887 -27.454173 24.171
 65    55.304 54474.56335907 45.46 302.747037 -27.457453 24.171
 65    55.295 54474.56335972 34.75 302.746177 -27.460733 24.171
 65    55.107 54474.56336036 34.65 302.745317 -27.464023 24.171
 65    55.302 54474.56336101 41.98 302.744457 -27.467303 24.171
 65    55.336 54474.56336165 43.05 302.743607 -27.470583 24.171
 65    55.403 54474.56336230 40.99 302.742747 -27.473873 24.171
 65    55.321 54474.56336294 45.89 302.741887 -27.477153 24.171
 66    54.800 54509.56333806 50.58 302.750085 -27.432918 29.163
 66    54.904 54509.56333871 47.98 302.749225 -27.436208 29.163
 66    54.705 54509.56333935 52.01 302.748375 -27.439488 29.163
 66    54.626 54509.56334000 49.65 302.747515 -27.442768 29.163
 66    54.648 54509.56334064 46.59 302.746655 -27.446058 29.163
 66    54.639 54509.56334129 54.83 302.745795 -27.449338 29.163
 66    54.763 54509.56334193 51.77 302.744945 -27.452618 29.163
 66    54.658 54509.56334258 50.27 302.744085 -27.455908 29.163
 66    54.600 54509.56334322 39.83 302.743225 -27.459188 29.163
 66    54.691 54509.56334387 35.63 302.742365 -27.462468 29.163
 66    54.566 54509.56334451 44.66 302.741508 -27.465757 14.792
 66    54.660 54509.56334515 41.11 302.740648 -27.469037 14.792
 66    54.707 54509.56334580 41.31 302.739798 -27.472317 14.792
 66    54.733 54509.56334644 43.22 302.738938 -27.475607 14.792
 67    55.036 54544.56336775 26.28 302.754404 -27.430439 21.064
 67    55.087 54544.56336839 29.77 302.753544 -27.433719 21.064
 67    55.049 54544.56336904 39.26 302.752694 -27.436999 21.064
 67    55.200 54544.56336968 32.72 302.751834 -27.440289 21.064
 67    54.963 54544.56337033 36.28 302.750974 -27.443569 21.064
 67    55.072 54544.56337097 36.10 302.750124 -27.446849 21.064
 67    55.141 54544.56337162 23.85 302.749264 -27.450139 21.064
 67    54.449 54544.56337226 19.81 302.748404 -27.453419 21.064
 67    54.475 54544.56337291 21.64 302.747544 -27.456709 21.064
 67    54.937 54544.56337355 27.49 302.746694 -27.459989 21.064
 67    54.978 54544.56337420 31.58 302.745834 -27.463269 21.064
 67    55.033 54544.56337484 34.21 302.744974 -27.466559 21.064
 67    55.246 54544.56337549 39.42 302.744124 -27.469839 21.064
 67    54.917 54544.56337613 27.60 302.743264 -27.473119 21.064
 67    55.033 54544.56337678 23.47 302.742404 -27.476409 21.064
 68    55.721 54579.56333602 47.21 302.752763 -27.432886 16.771
 68    55.740 54579.56333666 44.89 302.751903 -27.436176 16.771
 68    55.681 54579.56333731 48.54 302.751043 -27.439456 16.771
 68    55.678 54579.56333795 49.57 302.750193 -27.442736 16.771
 68    55.720 54579.56333860 43.59 302.749333 -27.446026 16.771
 68    55.600 54579.56333924 43.62 302.748473 -27.449306 16.771
 68    55.870 54579.56333989 38.16 302.747623 -27.452586 16.771
 68    55.673 54579.56334053 33.75 302.746763 -27.455876 16.771
 68    55.699 54579.56334118 36.75 302.745903 -27.459156 16.771
 68    55.677 54579.56334182 34.08 302.745043 -27.462446 16.771
 68    55.641 54579.56334247 36.16 302.744193 -27.465726 16.771
 68    55.574 54579.56334311 29.74 302.743333 -27.469006 16.771
 68    55.492 54579.56334376 29.89 302.742473 -27.472296 16.771
 68    55.775 54579.56334440 33.64 302.741613 -27.475576 16.771
 68    55.910 54579.56334504 31.45 302.740753 -27.478856 16.771
 69    54.868 54614.56335828 25.83 302.753977 -27.432517 29.508
 69    54.742 54614.56335893 35.70 302.753127 -27.435797 29.508
 69    54.664 54614.56335957 39.88 302.752267 -27.439087 29.508
 69    54.604 54614.56336022 40.63 302.751407 -27.442367 29.508
 69    54.679 54614.56336086 42.34 302.750557 -27.445647 29.508
 69    54.698 54614.56336151 48.38 302.749697 -27.448937 29.508
 69    54.636 54614.56336215 48.80 302.748837 -27.452217 29.508
 69    54.581 54614.56336280 47.58 302.747977 -27.455507 29.508
 69    54.879 54614.56336344 46.85 302.747127 -27.458787 29.508
 69    54.959 54614.56336409 33.70 302.746267 -27.462067 29.508
 69    54.575 54614.56336473 36.70 302.745407 -27.465357 29.508
 69    54.625 54614.56336538 49.80 302.744547 -27.468637 29.508
 69    54.632 54614.56336602 51.52 302.743697 -27.471917 29.508
 69    54.631 54614.56336667 51.71 302.742837 -27.475207 29.508
 69    54.747 54614.56336731 49.18 302.741977 -27.478487 29.508
 70    55.103 54649.56336870 49.96 302.750388 -27.433003 30.423
 70    54.960 54649.56336934 52.32 302.749528 -27.436293 30.423
 70    54.788 54649.56336999 51.10 302.748678 -27.439573 30.423
 70    54.842 54649.56337063 50.27 302.747818 -27.442853 30.423
 70    54.959 54649.56337128 51.30 302.746958 -27.446143 30.423
 70    54.826 54649.56337192 51.02 302.746098 -27.449423 30.423
 70    54.813 54649.56337257 52.05 302.745248 -27.452703 30.423
 70    54.793 54649.56337321 50.55 302.744388 -27.455993 30.423
 70    55.015 54649.56337386 38.76 302.743528 -27.459273 30.423
 70    55.099 54649.56337450 35.45 302.742668 -27.462553 30.423
 70    54.816 54649.56337514 43.40 302.741816 -27.465842 23.096
 70    54.865 54649.56337579 45.15 302.740956 -27.469122 23.096
 70    54.739 54649.56337643 47.03 302.740096 -27.472402 23.096
 70    54.814 54649.56337708 47.32 302.739246 -27.475692 23.096
 71    55.177 54684.56336453 25.98 302.753702 -27.433537 22.221
 71    55.115 54684.56336518 36.98 302.752842 -27.436817 22.221
 71    55.105 54684.56336582 41.59 302.751992 -27.440097 22.221
 71    55.144 54684.56336646 42.63 302.751132 -27.443387 22.221
 71    55.057 54684.56336711 38.25 302.750272 -27.446667 22.221
 71    54.945 54684.56336775 22.52 302.749422 -27.449947 22.221
 71    54.689 54684.56336840 20.54 302.748562 -27.453237 22.221
 71    55.184 54684.56336904 24.59 302.747702 -27.456517 22.221
 71    55.113 54684.56336969 26.31 302.746842 -27.459807 22.221
 71    55.064 54684.56337033 32.92 302.745992 -27.463087 22.221
 71    55.150 54684.56337098 37.89 302.745132 -27.466367 22.221
 71    55.214 54684.56337162 49.50 302.744272 -27.469657 22.221
 71    55.449 54684.56337227 45.13 302.743412 -27.472937 22.221
 71    55.048 54684.56337291 26.09 302.742562 -27.476217 22.221
 72    55.781 54719.56331251 24.28 302.751202 -27.431430 24.482
 72    54.981 54719.56331316 21.93 302.750342 -27.434720 24.482
 72    54.606 54719.56331380 28.10 302.749482 -27.438000 24.482
 72    54.677 54719.56331445 27.06 302.748632 -27.441280 24.482
 72    54.659 54719.56331509 37.94 302.747772 -27.444570 24.482
 72    54.640 54719.56331574 37.85 302.746912 -27.447850 24.482
 72    54.523 54719.56331638 20.41 302.746052 -27.451140 24.482
 72    55.276 54719.56331703 18.73 302.745202 -27.454420 24.482
 72    55.157 54719.56331767 23.13 302.744342 -27.457700 24.482
 72    54.937 54719.56331831 31.74 302.743482 -27.460990 24.482
 72    55.057 54719.56331896 33.65 302.742622 -27.464270 24.482
 72    54.859 54719.56331960 33.66 302.741762 -27.467550 24.482
 72    54.664 54719.56332025 29.44 302.740912 -27.470840 24.482
 72    54.817 54719.56332089 27.19 302.740052 -27.474120 24.482
 72    54.714 54719.56332154 32.90 302.739192 -27.477400 24.482
 73    55.280 54754.56333878 21.82 302.751955 -27.431613 21.153
 73    55.238 54754.56333943 20.97 302.751095 -27.434903 21.153
 73    55.066 54754.56334007 28.14 302.750235 -27.438183 21.153
 73    55.243 54754.56334072 31.49 302.749385 -27.441463 21.153
 73    55.177 54754.56334136 41.04 302.748525 -27.444753 21.153
 73    55.169 54754.56334201 36.59 302.747665 -27.448033 21.153
 73    54.987 54754.56334265 22.25 302.746805 -27.451313 21.153
 73    55.007 54754.56334330 21.11 302.745955 -27.454603 21.153
 73    55.151 54754.56334394 26.84 302.745095 -27.457883 21.153
 73    55.313 54754.56334459 30.32 302.744235 -27.461163 21.153
 73    55.414 54754.56334523 31.41 302.743375 -27.464453 21.153
 73    55.247 54754.56334588 23.44 302.742525 -27.467733 21.153
 73    55.158 54754.56334652 19.98 302.741665 -27.471013 21.153
 73    54.922 54754.56334716 16.67 302.740805 -27.474303 21.153
 73    54.695 54754.56334781 19.40 302.739945 -27.477583 21.153
 74    55.610 54789.56330630 24.42 302.748905 -27.431962 29.147
 74    55.513 54789.56330694 23.88 302.748045 -27.435252 29.147
 74    55.474 54789.56330759 24.55 302.747195 -27.438532 29.147
 74    55.663 54789.56330823 31.93 302.746335 -27.441812 29.147
 74    55.571 54789.56330888 42.60 302.745475 -27.445102 29.147
 74    55.526 54789.56330952 30.04 302.744615 -27.448382 29.147
 74    55.503 54789.56331017 22.35 302.743765 -27.451662 29.147
 74    55.985 54789.56331081 24.93 302.742905 -27.454952 29.147
 74    55.950 54789.56331146 43.17 302.742045 -27.458232 29.147
 74    55.932 54789.56331210 40.58 302.741185 -27.461512 29.147
 74    56.039 54789.56331275 39.15 302.740327 -27.464802 19.974
 74    55.509 54789.56331339 21.21 302.739467 -27.468082 19.974
 74    55.027 54789.56331403 19.35 302.738617 -27.471362 19.974
 74    55.681 54789.56331468 16.38 302.737757 -27.474652 19.974
 75    54.997 54824.56333395 37.61 302.751962 -27.432745 26.085
 75    55.134 54824.56333460 43.92 302.751102 -27.436035 26.085
 75    55.063 54824.56333524 40.03 302.750242 -27.439315 26.085
 75    54.779 54824.56333589 42.79 302.749392 -27.442595 26.085
 75    54.843 54824.56333653 41.54 302.748532 -27.445885 26.085
 75    54.758 54824.56333718 27.50 302.747672 -27.449165 26.085
 75    54.483 54824.56333782 29.00 302.746812 -27.452455 26.085
 75    54.943 54824.56333847 38.82 302.745962 -27.455735 26.085
 75    55.061 54824.56333911 37.26 302.745102 -27.459015 26.085
 75    54.794 54824.56333976 31.63 302.744242 -27.462305 26.085
 75    54.751 54824.56334040 30.26 302.743382 -27.465585 26.085
 75    54.868 54824.56334104 21.41 302.742532 -27.468865 26.085
 75    54.838 54824.56334169 22.08 302.741672 -27.472155 26.085
 75    54.959 54824.56334233 33.30 302.740812 -27.475435 26.085
 76    54.603 54859.56329973 25.66 302.750892 -27.432485 24.855
 76    54.522 54859.56330037 40.53 302.750032 -27.435765 24.855
 76    54.768 54859.56330102 35.03 302.749172 -27.439045 24.855
 76    54.499 54859.56330166 37.76 302.748320 -27.442332 21.150
 76    54.341 54859.56330231 37.85 302.747460 -27.445612 21.150
 76    54.330 54859.56330295 25.40 302.746600 -27.448892 21.150
 76    54.056 54859.56330360 19.98 302.745750 -27.452182 21.150
 76    54.304 54859.56330424 21.15 302.744890 -27.455462 21.150
 76    54.498 54859.56330488 28.33 302.744030 -27.458742 21.150
 76    54.680 54859.56330553 29.37 302.743170 -27.462032 21.150
 76    54.844 54859.56330617 27.07 302.742310 -27.465312 21.150
 76    54.415 54859.56330682 23.13 302.741460 -27.468592 21.150
 76    54.460 54859.56330746 25.92 302.740600 -27.471882 21.150
 76    54.618 54859.56330811 30.73 302.739740 -27.475162 21.150
 77    55.483 54894.56333582 22.86 302.752162 -27.431980 22.282
 77    55.930 54894.56333647 32.90 302.751302 -27.435270 22.282
 77    56.072 54894.56333711 37.18 302.750442 -27.438550 22.282
 77    55.818 54894.56333776 30.46 302.749582 -27.441830 22.282
 77    55.788 54894.56333840 37.67 302.748732 -27.445120 22.282
 77    55.970 54894.56333905 31.60 302.747872 -27.448400 22.282
 77    55.374 54894.56333969 20.36 302.747012 -27.451690 22.282
 77    55.029 54894.56334033 22.47 302.746162 -27.454970 22.282
 77    55.580 54894.56334098 26.58 302.745302 -27.458250 22.282
 77    55.723 54894.56334162 30.83 302.744442 -27.461540 22.282
 77    55.782 54894.56334227 30.71 302.743592 -27.464820 22.282
 77    55.646 54894.56334291 21.80 302.742732 -27.468100 22.282
 77    55.263 54894.56334356 17.64 302.741872 -27.471390 22.282
 77    65.054 54894.56334420 13.25 302.741012 -27.474670 22.282
 77    66.578 54894.56334485 13.29 302.740162 -27.477950 22.282
 78    55.713 54929.56329788 23.59 302.749237 -27.430953 21.544
 78    55.259 54929.56329853 27.86 302.748387 -27.434233 21.544
 78    55.167 54929.56329917 39.67 302.747527 -27.437523 21.544
 78    55.328 54929.56329981 31.73 302.746667 -27.440803 21.544
 78    55.318 54929.56330046 40.35 302.745807 -27.444093 21.544
 78    55.394 54929.56330110 35.14 302.744957 -27.447373 21.544
 78    55.123 54929.56330175 26.56 302.744097 -27.450653 21.544
 78    55.127 54929.56330239 25.35 302.743237 -27.453943 21.544
 78    55.181 54929.56330304 27.95 302.742377 -27.457223 21.544
 78    55.260 54929.56330368 33.25 302.741517 -27.460503 21.544
 78    55.191 54929.56330433 34.13 302.740667 -27.463793 21.544
 78    55.095 54929.56330497 26.30 302.739807 -27.467073 21.544
 78    63.659 54929.56330562 17.26 302.738947 -27.470353 21.544
 78    65.508 54929.56330626 16.23 302.738088 -27.473643  9.737
 78    66.129 54929.56330691 15.59 302.737228 -27.476923  9.737
 79    54.406 54964.56333527 40.61 302.751997 -27.431894 28.951
 79    54.194 54964.56333592 33.60 302.751137 -27.435184 28.951
 79    54.030 54964.56333656 37.31 302.750277 -27.438464 28.951
 79    54.060 54964.56333721 30.74 302.749427 -27.441744 28.951
 79    54.127 54964.56333785 31.94 302.748572 -27.445032 20.496
 79    54.154 54964.56333850 35.45 302.747712 -27.448312 20.496
 79    53.978 54964.56333914 22.92 302.746852 -27.451592 20.496
 79    54.055 54964.56333979 20.28 302.745992 -27.454882 20.496
 79    54.501 54964.56334043 25.45 302.745142 -27.458162 20.496
 79    54.484 54964.56334108 28.88 302.744282 -27.461442 20.496
 79    54.285 54964.56334172 31.38 302.743422 -27.464732 20.496
 79    54.280 54964.56334237 44.43 302.742562 -27.468012 20.496
 79    54.233 54964.56334301 33.56 302.741712 -27.471292 20.496
 79    54.014 54964.56334366 27.90 302.740852 -27.474582 20.496
 79    53.961 54964.56334430 25.49 302.739992 -27.477862 20.496
 80    55.074 54999.56335634 48.65 302.749869 -27.432544 33.586
 80    54.830 54999.56335698 47.05 302.749009 -27.435834 33.586
 80    54.784 54999.56335763 38.60 302.748149 -27.439114 33.586
 80    54.775 54999.56335827 39.01 302.747299 -27.442394 33.586
 80    54.743 54999.56335892 47.54 302.746439 -27.445684 33.586
 80    54.920 54999.56335956 52.73 302.745579 -27.448964 33.586
 80    54.824 54999.56336021 51.67 302.744719 -27.452254 33.586
 80    54.787 54999.56336085 51.22 302.743869 -27.455534 33.586
 80    54.699 54999.56336149 41.58 302.743009 -27.458814 33.586
 80    54.707 54999.56336214 37.35 302.742149 -27.462104 33.586
 80    54.837 54999.56336278 44.21 302.741289 -27.465384 33.586
 80    54.809 54999.56336343 54.10 302.740439 -27.468664 33.586
 80    54.780 54999.56336407 52.76 302.739579 -27.471954 33.586
 80    54.880 54999.56336472 51.98 302.738719 -27.475234 33.586
 81    55.703 55034.56334176 30.27 302.752973 -27.430647 37.589
 81    55.411 55034.56334240 35.66 302.752118 -27.433938 21.829
 81    55.246 55034.56334305 41.15 302.751258 -27.437218 21.829
 81    55.201 55034.56334369 33.59 302.750398 -27.440498 21.829
 81    55.138 55034.56334434 43.19 302.749538 -27.443788 21.829
 81    55.176 55034.56334498 38.39 302.748688 -27.447068 21.829
 81    54.780 55034.56334563 29.70 302.747828 -27.450348 21.829
 81    54.841 55034.56334627 29.36 302.746968 -27.453638 21.829
 81    55.209 55034.56334692 35.74 302.746108 -27.456918 21.829
 81    55.573 55034.56334756 32.11 302.745258 -27.460198 21.829
 81    55.552 55034.56334821 34.28 302.744398 -27.463488 21.829
 81    55.406 55034.56334885 30.29 302.743538 -27.466768 21.829
 81    62.581 55034.56334950 23.23 302.742678 -27.470058 21.829
 81    65.520 55034.56335014 22.10 302.741828 -27.473338 21.829
 81    55.211 55034.56335079 28.77 302.740968 -27.476618 21.829
 82    55.871 55069.56333154 30.76 302.755159 -27.431113 21.437
 82    55.400 55069.56333218 24.34 302.754299 -27.434403 21.437
 82    55.011 55069.56333282 28.74 302.753439 -27.437683 21.437
 82    54.919 55069.56333347 26.66 302.752589 -27.440963 21.437
 82    55.142 55069.56333411 39.35 302.751729 -27.444253 21.437
 82    55.282 55069.56333476 37.18 302.750869 -27.447533 21.437
 82    54.920 55069.56333540 22.15 302.750019 -27.450813 21.437
 82    54.946 55069.56333605 19.09 302.749159 -27.454103 21.437
 82    55.103 55069.56333669 21.53 302.748299 -27.457383 21.437
 82    55.332 55069.56333734 30.56 302.747449 -27.460673 21.437
 82    55.466 55069.56333798 33.91 302.746589 -27.463953 21.437
 82    55.203 55069.56333863 39.07 302.745729 -27.467233 21.437
 82    55.346 55069.56333927 35.71 302.744869 -27.470523 21.437
 82    54.967 55069.56333992 31.08 302.744019 -27.473803 21.437
 82    54.981 55069.56334056 22.93 302.743159 -27.477083 21.437
 83    56.741 55104.56327273 44.47 302.749022 -27.429928 35.607
 83    56.509 55104.56327337 25.15 302.748162 -27.433218 35.607
 83    56.575 55104.56327402 24.81 302.747302 -27.436498 35.607
 83    56.748 55104.56327466 31.35 302.746442 -27.439788 35.607
 83    56.823 55104.56327531 36.58 302.745592 -27.443068 35.607
 83    56.742 55104.56327595 36.31 302.744732 -27.446348 35.607
 83    56.598 55104.56327659 25.29 302.743872 -27.449638 35.607
 83    56.522 55104.56327724 26.75 302.743012 -27.452918 35.607
 83    56.933 55104.56327788 38.70 302.742152 -27.456198 35.607
 83    56.917 55104.56327853 50.39 302.741302 -27.459488 35.607
 83    57.017 55104.56327917 47.37 302.740442 -27.462768 35.607
 83    56.910 55104.56327982 32.78 302.739582 -27.466048 35.607
 83    56.451 55104.56328046 25.22 302.738724 -27.469335 21.030
 83    56.445 55104.56328111 23.30 302.737864 -27.472615 21.030
 83    56.903 55104.56328175 32.54 302.737014 -27.475895 21.030
 84    56.699 55139.56327950 33.95 302.752702 -27.433052 33.788
 84    56.741 55139.56328014 37.84 302.751842 -27.436332 33.788
 84    56.693 55139.56328079 27.71 302.750982 -27.439622 33.788
 84    56.793 55139.56328143 28.60 302.750122 -27.442902 33.788
 84    56.755 55139.56328208 39.79 302.749272 -27.446182 33.788
 84    56.617 55139.56328272 26.24 302.748412 -27.449472 33.788
 84    56.433 55139.56328337 25.15 302.747552 -27.452752 33.788
 84    56.807 55139.56328401 30.24 302.746692 -27.456042 33.788
 84    56.779 55139.56328466 44.22 302.745842 -27.459322 33.788
 84    56.955 55139.56328530 46.56 302.744982 -27.462602 33.788
 84    57.038 55139.56328595 45.34 302.744122 -27.465892 33.788
 84    56.565 55139.56328659 29.06 302.743262 -27.469172 33.788
 84    56.313 55139.56328724 25.48 302.742412 -27.472452 33.788
 84    56.597 55139.56328788 24.28 302.741552 -27.475742 33.788
 84    56.898 55139.56328852 39.73 302.740692 -27.479022 33.788
 85    57.333 55174.56323946 39.06 302.751039 -27.431036 39.201
 85    57.405 55174.56324011 39.81 302.750179 -27.434316 39.201
 85    57.286 55174.56324075 45.95 302.749319 -27.437596 39.201
 85    57.323 55174.56324140 45.98 302.748459 -27.440886 39.201
 85    57.177 55174.56324204 49.13 302.747599 -27.444166 39.201
 85    57.252 55174.56324269 43.36 302.746749 -27.447446 39.201
 85    57.274 55174.56324333 30.98 302.745889 -27.450736 39.201
 85    57.205 55174.56324398 35.59 302.745029 -27.454016 39.201
 85    57.308 55174.56324462 46.34 302.744169 -27.457306 39.201
 85    57.284 55174.56324527 50.65 302.743319 -27.460586 39.201
 85    57.378 55174.56324591 47.05 302.742459 -27.463866 39.201
 85    57.225 55174.56324656 38.69 302.741599 -27.467156 39.201
 85    57.301 55174.56324720 40.89 302.740739 -27.470436 39.201
 85    57.068 55174.56324784 25.94 302.739879 -27.473716 39.201
 85    57.329 55174.56324849 28.84 302.739019 -27.477006 39.201
 86    57.987 55209.56327537 29.03 302.751616 -27.433228 30.631
 86    58.170 55209.56327602 32.92 302.750756 -27.436518 30.631
 86    57.938 55209.56327666 31.80 302.749896 -27.439798 30.631
 86    58.247 55209.56327731 36.38 302.749046 -27.443078 30.631
 86    58.110 55209.56327795 39.72 302.748186 -27.446368 30.631
 86    57.966 55209.56327860 30.43 302.747326 -27.449648 30.631
 86    57.650 55209.56327924 30.84 302.746466 -27.452938 30.631
 86    58.131 55209.56327989 32.74 302.745616 -27.456218 30.631
 86    58.248 55209.56328053 42.55 302.744756 -27.459498 30.631
 86    58.212 55209.56328118 49.45 302.743896 -27.462788 30.631
 86    58.352 55209.56328182 43.29 302.743036 -27.466068 30.631
 86    58.029 55209.56328246 30.06 302.742186 -27.469348 30.631
 86    57.582 55209.56328311 28.45 302.741326 -27.472638 30.631
 86    57.853 55209.56328375 25.77 302.740466 -27.475918 30.631
 87    57.494 55244.56324649 36.56 302.749953 -27.431160 38.940
 87    57.537 55244.56324714 40.35 302.749093 -27.434450 38.940
 87    57.475 55244.56324778 42.22 302.748233 -27.437730 38.940
 87    57.469 55244.56324843 46.44 302.747373 -27.441020 38.940
 87    57.465 55244.56324907 47.32 302.746523 -27.444300 38.940
 87    57.527 55244.56324971 42.24 302.745663 -27.447580 38.940
 87    57.525 55244.56325036 38.15 302.744803 -27.450870 38.940
 87    57.396 55244.56325100 42.47 302.743943 -27.454150 38.940
 87    57.485 55244.56325165 48.96 302.743093 -27.457430 38.940
 87    57.588 55244.56325229 51.21 302.742233 -27.460720 38.940
 87    57.539 55244.56325294 46.27 302.741373 -27.464000 38.940
 87    57.470 55244.56325358 37.67 302.740513 -27.467280 38.940
 87    57.499 55244.56325423 29.67 302.739655 -27.470569 27.252
 87    57.269 55244.56325487 27.07 302.738795 -27.473849 27.252
 87    57.482 55244.56325552 32.10 302.737945 -27.477129 27.252
 88    56.452 55279.56326824 30.26 302.753089 -27.432719 33.246
 88    56.664 55279.56326888 40.41 302.752239 -27.435999 33.246
 88    56.898 55279.56326953 29.96 302.751379 -27.439289 33.246
 88    56.739 55279.56327017 42.65 302.750519 -27.442569 33.246
 88    56.765 55279.56327081 40.49 302.749669 -27.445849 33.246
 88    56.648 55279.56327146 29.03 302.748809 -27.449139 33.246
 88    56.233 55279.56327210 29.16 302.747949 -27.452419 33.246
 88    56.574 55279.56327275 32.99 302.747089 -27.455709 33.246
 88    56.625 55279.56327339 44.36 302.746239 -27.458989 33.246
 88    56.626 55279.56327404 48.22 302.745379 -27.462269 33.246
 88    56.705 55279.56327468 45.03 302.744519 -27.465559 33.246
 88    56.624 55279.56327533 28.43 302.743659 -27.468839 33.246
 88    56.064 55279.56327597 26.11 302.742809 -27.472119 33.246
 88    56.206 55279.56327662 24.59 302.741949 -27.475409 33.246
 88    56.670 55279.56327726 37.57 302.741089 -27.478689 33.246
 89    57.570 55314.56323243 45.87 302.752230 -27.430163 37.718
 89    57.745 55314.56323307 31.25 302.751380 -27.433443 37.718
 89    57.894 55314.56323372 41.46 302.750520 -27.436733 37.718
 89    57.964 55314.56323436 41.46 302.749660 -27.440013 37.718
 89    57.787 55314.56323501 45.11 302.748800 -27.443303 37.718
 89    57.840 55314.56323565 39.63 302.747950 -27.446583 37.718
 89    57.758 55314.56323630 32.01 302.747090 -27.449863 37.718
 89    57.444 55314.56323694 29.80 302.746230 -27.453153 37.718
 89    57.744 55314.56323758 35.83 302.745370 -27.456433 37.718
 89    57.846 55314.56323823 46.53 302.744520 -27.459713 37.718
 89    58.132 55314.56323887 48.64 302.743660 -27.463003 37.718
 89    58.167 55314.56323952 37.91 302.742800 -27.466283 37.718
 89    57.684 55314.56324016 28.25 302.741940 -27.469563 37.718
 89    57.344 55314.56324081 26.21 302.741088 -27.472851 27.179
 89    57.752 55314.56324145 25.71 302.740228 -27.476131 27.179
 90    55.719 55349.56323981 47.96 302.754017 -27.431878 29.544
 90    55.741 55349.56324045 45.82 302.753157 -27.435168 29.544
 90    55.658 55349.56324109 37.74 302.752297 -27.438448 29.544
 90    55.629 55349.56324174 33.50 302.751437 -27.441728 29.544
 90    55.635 55349.56324238 38.12 302.750587 -27.445018 29.544
 90    55.674 55349.56324303 35.29 302.749727 -27.448298 29.544
 90    55.532 55349.56324367 26.28 302.748867 -27.451588 29.544
 90    55.423 55349.56324432 26.63 302.748017 -27.454868 29.544
 90    55.772 55349.56324496 29.09 302.747157 -27.458148 29.544
 90    55.884 55349.56324561 35.88 302.746297 -27.461438 29.544
 90    55.875 55349.56324625 41.00 302.745437 -27.464718 29.544
 90    55.874 55349.56324690 34.74 302.744587 -27.467998 29.544
 90    55.913 55349.56324754 23.91 302.743727 -27.471288 29.544
 90    55.495 55349.56324819 22.83 302.742867 -27.474568 29.544
 90    59.833 55349.56324883 23.29 302.742007 -27.477848 29.544
 91    55.266 55384.56323198 29.15 302.749834 -27.430239 27.819
 91    54.853 55384.56323262 29.42 302.748974 -27.433519 27.819
 91    54.976 55384.56323326 29.19 302.748114 -27.436809 27.819
 91    54.866 55384.56323391 29.52 302.747264 -27.440089 27.819
 91    54.879 55384.56323455 36.34 302.746404 -27.443369 27.819
 91    54.831 55384.56323520 38.48 302.745544 -27.446659 27.819
 91    54.803 55384.56323584 28.68 302.744684 -27.449939 27.819
 91    54.969 55384.56323649 23.07 302.743834 -27.453219 27.819
 91    55.343 55384.56323713 33.24 302.742974 -27.456509 27.819
 91    55.476 55384.56323778 35.90 302.742114 -27.459789 27.819
 91    55.028 55384.56323842 39.98 302.741254 -27.463069 27.819
 91    54.846 55384.56323907 44.99 302.740398 -27.466358 16.225
 91    55.040 55384.56323971 31.92 302.739538 -27.469638 16.225
 91    54.853 55384.56324036 21.66 302.738688 -27.472918 16.225
 91    55.091 55384.56324100 21.37 302.737828 -27.476208 16.225
 92    54.547 55419.56325794 46.22 302.753122 -27.431982 33.502
 92    54.632 55419.56325858 46.12 302.752272 -27.435262 33.502
 92    54.512 55419.56325923 39.75 302.751412 -27.438542 33.502
 92    54.548 55419.56325987 33.09 302.750552 -27.441832 33.502
 92    54.742 55419.56326052 42.66 302.749692 -27.445112 33.502
 92    54.546 55419.56326116 47.35 302.748842 -27.448392 33.502
 92    54.659 55419.56326181 40.58 302.747982 -27.451682 33.502
 92    54.594 55419.56326245 46.72 302.747122 -27.454962 33.502
 92    54.675 55419.56326310 41.60 302.746262 -27.458252 33.502
 92    55.107 55419.56326374 33.53 302.745412 -27.461532 33.502
 92    55.235 55419.56326438 33.60 302.744552 -27.464812 33.502
 92    54.637 55419.56326503 43.84 302.743692 -27.468102 33.502
 92    54.681 55419.56326567 33.98 302.742832 -27.471382 33.502
 92    54.705 55419.56326632 36.45 302.741982 -27.474662 33.502
 92    54.653 55419.56326696 27.81 302.741122 -27.477952 33.502
 93    54.989 55454.56323632 40.47 302.755392 -27.431516 19.558
 93    54.893 55454.56323696 42.17 302.754532 -27.434806 19.558
 93    54.803 55454.56323761 32.63 302.753672 -27.438086 19.558
 93    54.712 55454.56323825 35.21 302.752822 -27.441366 19.558
 93    54.957 55454.56323890 38.77 302.751962 -27.444656 19.558
 93    54.821 55454.56323954 35.67 302.751102 -27.447936 19.558
 93    54.492 55454.56324019 21.73 302.750242 -27.451216 19.558
 93    54.558 55454.56324083 19.96 302.749392 -27.454506 19.558
 93    55.070 55454.56324148 21.97 302.748532 -27.457786 19.558
 93    55.145 55454.56324212 31.13 302.747672 -27.461076 19.558
 93    55.370 55454.56324277 33.33 302.746822 -27.464356 19.558
 93    55.081 55454.56324341 29.93 302.745962 -27.467636 19.558
 93    55.480 55454.56324406 23.46 302.745102 -27.470926 19.558
 93    64.396 55454.56324470 24.18 302.744242 -27.474206 19.558
 93    67.189 55454.56324535 20.49 302.743392 -27.477486 19.558
 94    55.342 55489.56315633 42.24 302.757428 -27.434279 26.277
 94    55.342 55489.56315697 43.29 302.756578 -27.437559 26.277
 94    55.341 55489.56315762 51.81 302.755718 -27.440849 26.277
 94    55.422 55489.56315826 48.94 302.754858 -27.444129 26.277
 94    55.423 55489.56315891 38.06 302.754008 -27.447409 26.277
 94    55.266 55489.56315955 37.15 302.753148 -27.450699 26.277
 94    55.301 55489.56316020 32.68 302.752288 -27.453979 26.277
 94    55.326 55489.56316084 24.74 302.751428 -27.457259 26.277
 94    55.447 55489.56316149 39.08 302.750578 -27.460549 26.277
 94    55.360 55489.56316213 42.38 302.749718 -27.463829 26.277
 94    55.542 55489.56316278 40.20 302.748858 -27.467119 26.277
 94    55.427 55489.56316342 36.65 302.748008 -27.470399 26.277
 94    55.433 55489.56316407 29.30 302.747148 -27.473679 26.277
 94    55.231 55489.56316471 28.37 302.746288 -27.476969 26.277
 94    55.259 55489.56316536 27.15 302.745438 -27.480249 26.277
