#    0.000   0.000   0.000 ;Mean Elev.(m), Avg Gradient(m/km), RMS Gradient(m/km) - SRTM1     
#    0.000   0.000   0.000 ;Mean Elev.(m), Avg Gradient(m/km), RMS Gradient(m/km) - ASTER GDEM
#    0.442   0.093   0.830 ;Mean Elev.(m), Avg Gradient(m/km), RMS Gradient(m/km) - GMTED2010 
  8 300.342807 -33.627730     2.768     2.666  5 52498.56659996 26.137
 10 300.340477 -33.624032     3.321     3.215  5 52568.56661400 28.306
 11 300.339251 -33.625275     2.813     2.738  5 52603.56660558 21.951
 12 300.334825 -33.623403     3.794     3.806  6 52638.56658142 29.668
 13 300.340322 -33.626664     2.950     2.876  5 52673.56658057 25.914
 14 300.337583 -33.624225     3.464     3.349  5 52708.56659066 38.953
 15 300.336146 -33.623089     3.509     3.479  5 52743.56662015 29.367
 17 300.333588 -33.623006     2.971     2.959  6 52813.56664000 25.606
 18 300.336915 -33.622795     2.654     2.503  5 52848.56669336 26.983
 19 300.337047 -33.624483     2.468     2.180  5 52883.56672953 22.121
 20 300.343112 -33.626522     2.210     2.127  5 52918.56668643 21.871
 21 300.341258 -33.624416     2.357     2.230  5 52953.56664881 18.339
 22 300.347252 -33.629883     2.031     2.021  4 52988.56665850 22.733
 23 300.347150 -33.628813     2.899     2.836  5 53023.56664526 24.269
 24 300.345748 -33.627677     2.263     2.086  5 53058.56664079 20.516
 25 300.336039 -33.624584     2.167     2.029  5 53093.56667790 20.747
 26 300.342108 -33.625245     2.646     2.556  5 53128.56664891 18.442
 28 300.340154 -33.624929     2.438     2.360  5 53198.56671650 22.664
 29 300.348071 -33.630659     2.561     2.376  5 53233.56668983 23.757
 30 300.344027 -33.627025     2.164     2.075  4 53268.56665683 20.568
 31 300.330146 -33.622115     2.189     2.113  5 53303.56671517 27.897
 32 300.340804 -33.624317     3.101     3.087  5 53338.56668460 45.003
 33 300.345941 -33.628216     2.758     2.711  5 53373.56661828 23.593
 34 300.340723 -33.626314     2.768     2.647  5 53408.56665845 20.475
 35 300.344555 -33.626258     3.003     3.055  5 53443.56664237 36.019
 36 300.332855 -33.622897     2.849     2.891  6 53478.56671718 38.246
 37 300.340082 -33.623624     2.530     2.623  5 53513.56672641 31.997
 38 300.336425 -33.624018     2.943     2.920  6 53548.56674542 29.381
 39 300.341832 -33.627358     2.527     2.471  5 53583.56671151 23.997
 40 300.341536 -33.626419     1.860     1.720  5 53618.56666733 28.054
 41 300.338360 -33.623356     2.507     2.318  5 53653.56668970 22.222
 42 300.337482 -33.624127    -1.838    -1.908  6 53688.56668849 25.073
 43 300.345948 -33.629141     2.470     2.355  4 53723.56661399 18.291
 44 300.343849 -33.626594     2.673     2.533  5 53758.56655197 20.405
 45 300.344752 -33.627958     2.635     2.527  5 53793.56657356 30.270
 46 300.339887 -33.625410     2.552     2.533  5 53828.56654447 20.018
 47 300.335427 -33.623466     2.832     2.792  6 53863.56662692 28.819
 48 300.339268 -33.625339     2.409     2.307  5 53898.56665080 24.261
 49 300.331086 -33.622745     2.149     2.158  5 53933.56669649 36.786
 50 300.336252 -33.624122     2.418     2.456  5 53968.56666886 26.501
 51 300.338523 -33.623477     2.204     2.054  5 54003.56663841 21.681
 52 300.341120 -33.625964     2.645     2.525  5 54038.56667419 24.387
 53 300.341458 -33.627080     2.635     2.613  5 54073.56666870 21.878
 54 300.343286 -33.628081     2.826     2.684  5 54108.56661538 26.940
 55 300.337674 -33.625414     3.011     2.926  5 54143.56660494 23.985
 56 300.342120 -33.626357     3.655     3.673  4 54178.56659929 36.331
 58 300.338716 -33.625160     3.397     3.304  5 54248.56664018 27.205
 59 300.340771 -33.626346     3.088     2.984  5 54283.56664942 27.093
 60 300.342309 -33.625812     2.619     2.505  5 54318.56664672 34.206
 61 300.343898 -33.625854     2.019     1.766  5 54353.56661089 34.782
 62 300.341041 -33.623964     2.629     2.558  5 54388.56658660 29.867
 63 300.341723 -33.625942     2.560     2.545  4 54423.56656112 41.959
 64 300.338300 -33.625275     2.438     2.360  5 54458.56656159 21.281
 65 300.342483 -33.627144     2.147     2.123  5 54493.56656529 21.304
 66 300.340701 -33.625101     2.303     2.320  5 54528.56657416 17.859
 67 300.342908 -33.626833     2.335     2.341  4 54563.56657200 16.477
 68 300.340001 -33.624883     2.706     2.599  5 54598.56656963 23.082
 69 300.338927 -33.624444     2.385     2.388  6 54633.56658284 26.051
 70 300.340064 -33.623479     2.354     2.357  5 54668.56658733 21.828
 71 300.343713 -33.627773     2.396     2.460  5 54703.56655288 24.607
 72 300.338512 -33.623957     2.140     1.985  5 54738.56654982 22.097
 73 300.342697 -33.626688     2.839     2.744  4 54773.56653428 34.146
 74 300.337378 -33.622796     2.622     2.648  5 54808.56654252 42.839
 75 300.341509 -33.626094     1.902     1.892  4 54843.56653170 15.947
 76 300.337916 -33.624304     2.160     2.141  6 54878.56654645 42.055
 77 300.341291 -33.626377     2.292     2.301  5 54913.56653561 44.546
 78 300.337603 -33.625186     2.127     2.010  5 54948.56653794 21.882
 79 300.338137 -33.625424     1.847     1.700  5 54983.56656393 19.416
 80 300.341281 -33.624502     1.610     1.605  5 55018.56656090 30.328
 81 300.342024 -33.626614     2.275     2.173  5 55053.56655664 22.345
 82 300.342716 -33.625551     2.542     2.381  5 55088.56651855 28.315
 83 300.339574 -33.626100     2.897     2.890  5 55123.56649374 44.528
 84 300.341119 -33.625564     3.091     3.069  4 55158.56647918 27.075
 85 300.337266 -33.624347     3.845     3.737  5 55193.56648307 28.268
 86 300.341454 -33.625752     4.316     4.260  5 55228.56648159 36.446
 87 300.340689 -33.624444     4.881     5.019  5 55263.56647820 27.741
 88 300.343611 -33.625733     3.754     3.646  5 55298.56646390 36.513
 89 300.339371 -33.626468     3.565     3.523  5 55333.56645711 28.016
 90 300.341779 -33.625436     3.308     3.245  5 55368.56644848 25.739
 91 300.338900 -33.625230     2.616     2.560  5 55403.56646398 23.010
 92 300.342925 -33.626124     2.655     2.588  5 55438.56646637 26.827
 93 300.344307 -33.626255     2.407     2.373  5 55473.56641439 26.597
