#    0.000   0.000   0.000 ;Mean Elev.(m), Avg Gradient(m/km), RMS Gradient(m/km) - SRTM1     
#    0.000   0.000   0.000 ;Mean Elev.(m), Avg Gradient(m/km), RMS Gradient(m/km) - ASTER GDEM
#   44.065  -1.210   2.251 ;Mean Elev.(m), Avg Gradient(m/km), RMS Gradient(m/km) - GMTED2010 
 10    44.330 52562.09260585 23.29 301.175465 -27.615228 22.516
 10    44.716 52562.09260649 26.26 301.174605 -27.611938 22.516
 10    44.612 52562.09260714 27.64 301.173745 -27.608658 22.516
 10    44.249 52562.09260778 24.30 301.172885 -27.605378 22.516
 10    43.997 52562.09260843 26.15 301.172025 -27.602088 22.516
 10    43.693 52562.09260907 31.43 301.171165 -27.598808 22.516
 10    44.449 52562.09260971 30.43 301.170305 -27.595528 22.516
 12    44.959 52632.09256251 28.15 301.175319 -27.618785 20.986
 12    44.939 52632.09256315 20.56 301.174459 -27.615505 20.986
 12    45.282 52632.09256380 21.09 301.173599 -27.612225 20.986
 12    45.063 52632.09256444 25.80 301.172739 -27.608945 20.986
 12    52.346 52632.09256509 18.98 301.171879 -27.605655 20.986
 12    57.019 52632.09256573 18.12 301.171019 -27.602375 20.986
 12    57.322 52632.09256638 18.42 301.170159 -27.599095 20.986
 12    57.360 52632.09256702 20.17 301.169299 -27.595805 20.986
 13    44.692 52667.09258174 43.43 301.172588 -27.623871 36.898
 13    44.760 52667.09258239 32.27 301.171728 -27.620581 36.898
 13    44.617 52667.09258303 25.48 301.170878 -27.617301 36.898
 13    44.446 52667.09258368 24.69 301.170015 -27.614021 32.203
 13    44.694 52667.09258432 25.66 301.169155 -27.610741 32.203
 13    44.758 52667.09258497 26.06 301.168295 -27.607451 32.203
 13    44.665 52667.09258561 25.43 301.167435 -27.604171 32.203
 13    44.723 52667.09258626 23.90 301.166575 -27.600891 32.203
 13    44.545 52667.09258690 25.38 301.165715 -27.597601 32.203
 13    44.511 52667.09258754 25.48 301.164865 -27.594321 32.203
 15    44.710 52737.09259494 30.30 301.174631 -27.620594 12.737
 15    44.629 52737.09259558 21.20 301.173781 -27.617314 12.737
 15    44.566 52737.09259623 19.63 301.172921 -27.614034 12.737
 15    44.657 52737.09259687 19.48 301.172061 -27.610744 12.737
 15    44.591 52737.09259752 20.86 301.171201 -27.607464 12.737
 15    44.356 52737.09259816 20.97 301.170341 -27.604184 12.737
 15    44.357 52737.09259881 22.69 301.169481 -27.600894 12.737
 15    44.573 52737.09259945 23.18 301.168621 -27.597614 12.737
 15    44.591 52737.09260010 23.82 301.167761 -27.594334 12.737
 16    44.267 52772.09256321 24.58 301.173538 -27.622544 27.191
 16    43.737 52772.09256386 22.00 301.172678 -27.619264 27.191
 16    43.551 52772.09256450 22.51 301.171824 -27.615985 27.557
 16    43.569 52772.09256514 22.96 301.170964 -27.612705 27.557
 16    43.461 52772.09256579 24.04 301.170104 -27.609415 27.557
 16    42.871 52772.09256643 26.20 301.169244 -27.606135 27.557
 16    42.690 52772.09256708 27.98 301.168384 -27.602855 27.557
 16    43.266 52772.09256772 27.77 301.167524 -27.599565 27.557
 16    43.521 52772.09256837 26.85 301.166664 -27.596285 27.557
 17    43.913 52807.09261813 26.70 301.174750 -27.622630 20.705
 17    43.728 52807.09261877 24.32 301.173890 -27.619340 20.705
 17    43.636 52807.09261942 21.33 301.173030 -27.616060 20.705
 17    43.685 52807.09262006 21.61 301.172170 -27.612780 20.705
 17    43.699 52807.09262070 21.06 301.171310 -27.609500 20.705
 17    43.539 52807.09262135 20.33 301.170450 -27.606210 20.705
 17    43.425 52807.09262199 20.84 301.169590 -27.602930 20.705
 17    43.756 52807.09262264 20.77 301.168730 -27.599650 20.705
 17    43.894 52807.09262328 22.07 301.167870 -27.596360 20.705
 18    43.584 52842.09267753 22.37 301.175820 -27.619713 22.418
 18    43.511 52842.09267817 21.40 301.174960 -27.616423 22.418
 18    43.394 52842.09267881 22.44 301.174100 -27.613143 22.418
 18    43.540 52842.09267946 22.14 301.173240 -27.609863 22.418
 18    43.252 52842.09268010 21.67 301.172380 -27.606573 22.418
 18    43.081 52842.09268075 21.60 301.171520 -27.603293 22.418
 18    43.368 52842.09268139 20.25 301.170660 -27.600013 22.418
 18    43.740 52842.09268204 23.16 301.169800 -27.596723 22.418
 19    43.563 52877.09271557 48.18 301.173898 -27.622063 48.448
 19    43.629 52877.09271622 52.79 301.173048 -27.618783 48.448
 19    43.718 52877.09271686 49.93 301.172188 -27.615493 48.448
 19    43.760 52877.09271751 50.08 301.171328 -27.612213 48.448
 19    43.732 52877.09271815 53.18 301.170468 -27.608933 48.448
 19    43.706 52877.09271880 51.35 301.169608 -27.605643 48.448
 19    43.705 52877.09271944 51.85 301.168748 -27.602363 48.448
 19    43.714 52877.09272009 52.35 301.167888 -27.599083 48.448
 19    43.712 52877.09272073 51.37 301.167028 -27.595793 48.448
 23    45.279 53017.09266297 27.05 301.172442 -27.624867 25.608
 23    45.056 53017.09266361 23.20 301.171584 -27.621588 19.736
 23    44.784 53017.09266426 21.89 301.170724 -27.618298 19.736
 23    44.733 53017.09266490 22.25 301.169864 -27.615018 19.736
 23    44.847 53017.09266555 21.96 301.169004 -27.611738 19.736
 23    44.745 53017.09266619 23.04 301.168144 -27.608458 19.736
 23    44.319 53017.09266684 25.28 301.167284 -27.605168 19.736
 23    44.051 53017.09266748 29.36 301.166434 -27.601888 19.736
 23    44.251 53017.09266813 30.49 301.165574 -27.598608 19.736
 23    44.677 53017.09266877 29.29 301.164714 -27.595318 19.736
 25    43.711 53087.09267466 42.10 301.170741 -27.647511 19.619
 25    43.728 53087.09267531 45.46 301.169881 -27.644221 19.619
 25    43.521 53087.09267595 35.99 301.169031 -27.640941 19.619
 25    43.516 53087.09267660 31.96 301.168171 -27.637661 19.619
 25    43.692 53087.09267724 33.22 301.167311 -27.634371 19.619
 25    43.641 53087.09267789 28.17 301.166451 -27.631091 19.619
 25    43.556 53087.09267853 27.83 301.165591 -27.627812 30.918
 25    43.589 53087.09267918 35.60 301.164731 -27.624532 30.918
 25    43.702 53087.09267982 37.39 301.163871 -27.621242 30.918
 25    43.844 53087.09268047 40.44 301.163011 -27.617962 30.918
 25    43.649 53087.09268111 33.21 301.162151 -27.614682 30.918
 25    43.664 53087.09268176 26.97 301.161291 -27.611392 30.918
 25    43.845 53087.09268240 25.53 301.160441 -27.608112 30.918
 25    43.911 53087.09268305 26.62 301.159581 -27.604832 30.918
 25    43.872 53087.09268369 28.30 301.158721 -27.601542 30.918
 25    43.915 53087.09268433 21.48 301.157861 -27.598262 30.918
 25    43.866 53087.09268498 23.01 301.157001 -27.594982 30.918
 26    44.278 53122.09264932 27.54 301.175231 -27.622949 15.768
 26    44.115 53122.09264996 23.36 301.174371 -27.619669 15.768
 26    43.817 53122.09265061 21.58 301.173511 -27.616389 15.768
 26    44.028 53122.09265125 19.43 301.172661 -27.613109 15.768
 26    44.134 53122.09265190 20.70 301.171801 -27.609819 15.768
 26    43.877 53122.09265254 20.79 301.170941 -27.606539 15.768
 26    43.646 53122.09265319 22.90 301.170081 -27.603259 15.768
 26    44.006 53122.09265383 19.36 301.169221 -27.599969 15.768
 26    44.227 53122.09265448 19.00 301.168361 -27.596689 15.768
 27    44.757 53157.09270276 20.16 301.172932 -27.638589 14.195
 27    44.806 53157.09270340 21.37 301.172072 -27.635309 14.195
 27    44.700 53157.09270405 20.06 301.171212 -27.632029 14.195
 27    44.559 53157.09270469 20.01 301.170352 -27.628739 14.195
 27    44.641 53157.09270534 20.28 301.169492 -27.625459 14.195
 27    44.579 53157.09270598 21.68 301.168632 -27.622179 14.195
 27    44.596 53157.09270663 21.30 301.167772 -27.618889 14.195
 27    44.685 53157.09270727 21.47 301.166912 -27.615609 14.195
 27    44.813 53157.09270791 20.52 301.166052 -27.612329 14.195
 27    45.025 53157.09270856 20.02 301.165192 -27.609039 14.195
 27    44.870 53157.09270920 20.53 301.164342 -27.605759 14.195
 27    44.547 53157.09270985 22.11 301.163482 -27.602479 14.195
 27    44.442 53157.09271049 21.33 301.162622 -27.599199 14.195
 27    44.688 53157.09271114 21.18 301.161762 -27.595909 14.195
 28    44.186 53192.09270067 32.99 301.175487 -27.610107 37.145
 28    44.741 53192.09270132 23.43 301.174627 -27.606827 37.145
 28    44.232 53192.09270325 33.20 301.172047 -27.596977 37.145
 29    44.611 53227.09270040 29.78 301.175402 -27.616944 28.939
 29    44.677 53227.09270105 27.79 301.174542 -27.613664 28.939
 29    44.679 53227.09270169 27.66 301.173682 -27.610384 28.939
 29    44.544 53227.09270234 26.09 301.172832 -27.607094 28.939
 29    44.300 53227.09270298 25.72 301.171972 -27.603814 28.939
 29    44.275 53227.09270363 27.61 301.171112 -27.600534 28.939
 29    44.565 53227.09270427 31.18 301.170252 -27.597254 28.939
 29    44.584 53227.09270491 41.04 301.169392 -27.593964 28.939
 30    43.338 53262.09266963 43.85 301.172492 -27.639193 24.496
 30    43.423 53262.09267027 46.10 301.171642 -27.635913 24.496
 30    43.324 53262.09267092 36.84 301.170782 -27.632633 24.496
 30    43.395 53262.09267156 44.18 301.169922 -27.629353 24.496
 30    43.298 53262.09267221 36.52 301.169062 -27.626063 24.496
 30    43.353 53262.09267285 29.67 301.168206 -27.622783 33.627
 30    43.418 53262.09267349 32.51 301.167346 -27.619503 33.627
 30    43.376 53262.09267414 29.27 301.166486 -27.616213 33.627
 30    43.312 53262.09267478 27.78 301.165626 -27.612933 33.627
 30    43.189 53262.09267543 28.53 301.164766 -27.609653 33.627
 30    43.304 53262.09267607 24.05 301.163906 -27.606363 33.627
 30    43.633 53262.09267672 21.15 301.163056 -27.603083 33.627
 30    43.406 53262.09267736 20.97 301.162196 -27.599803 33.627
 30    43.391 53262.09267801 19.80 301.161336 -27.596513 33.627
 31    43.485 53297.09270500 24.01 301.171750 -27.641908 13.771
 31    43.462 53297.09270564 27.20 301.170890 -27.638628 13.771
 31    43.525 53297.09270629 21.89 301.170030 -27.635338 13.771
 31    43.189 53297.09270693 21.65 301.169169 -27.632060 18.789
 31    43.237 53297.09270758 25.33 301.168309 -27.628770 18.789
 31    43.450 53297.09270822 31.27 301.167449 -27.625490 18.789
 31    43.580 53297.09270887 41.76 301.166599 -27.622210 18.789
 31    43.792 53297.09270951 35.04 301.165739 -27.618930 18.789
 31    43.604 53297.09271016 31.62 301.164879 -27.615640 18.789
 31    43.557 53297.09271080 22.10 301.164019 -27.612360 18.789
 31    43.633 53297.09271145 24.58 301.163159 -27.609080 18.789
 31    43.632 53297.09271209 19.37 301.162299 -27.605790 18.789
 31    43.768 53297.09271274 19.67 301.161439 -27.602510 18.789
 31    43.669 53297.09271338 19.92 301.160579 -27.599230 18.789
 31    43.335 53297.09271402 19.02 301.159719 -27.595950 18.789
 32    45.876 53332.09268059 34.81 301.174394 -27.622012 29.162
 32    45.722 53332.09268123 27.48 301.173534 -27.618732 29.162
 32    45.634 53332.09268188 25.47 301.172674 -27.615452 29.162
 32    45.672 53332.09268252 24.68 301.171814 -27.612162 29.162
 32    45.696 53332.09268317 25.69 301.170964 -27.608882 29.162
 32    45.760 53332.09268381 27.12 301.170104 -27.605602 29.162
 32    45.634 53332.09268446 26.83 301.169244 -27.602322 29.162
 32    45.734 53332.09268510 29.89 301.168384 -27.599032 29.162
 32    45.963 53332.09268575 32.98 301.167524 -27.595752 29.162
 33    45.042 53367.09262621 52.60 301.173927 -27.621110 46.412
 33    45.015 53367.09262685 54.28 301.173067 -27.617820 46.412
 33    44.995 53367.09262750 51.93 301.172207 -27.614540 46.412
 33    45.064 53367.09262814 52.00 301.171347 -27.611260 46.412
 33    45.107 53367.09262879 51.51 301.170487 -27.607970 46.412
 33    45.160 53367.09262943 52.61 301.169627 -27.604690 46.412
 33    45.205 53367.09263008 51.20 301.168777 -27.601410 46.412
 33    45.244 53367.09263072 51.67 301.167917 -27.598130 46.412
 33    45.224 53367.09263137 47.91 301.167057 -27.594840 46.412
 35    44.235 53437.09264284 24.71 301.173945 -27.623279 17.565
 35    44.178 53437.09264349 23.38 301.173085 -27.619989 17.565
 35    44.077 53437.09264413 20.95 301.172225 -27.616709 17.565
 35    44.012 53437.09264478 21.73 301.171365 -27.613429 17.565
 35    43.878 53437.09264542 20.88 301.170505 -27.610139 17.565
 35    43.806 53437.09264607 20.93 301.169655 -27.606859 17.565
 35    43.511 53437.09264671 21.71 301.168795 -27.603579 17.565
 35    43.692 53437.09264735 21.64 301.167935 -27.600289 17.565
 35    44.028 53437.09264800 23.26 301.167075 -27.597009 17.565
 35    43.768 53437.09264864 24.94 301.166215 -27.593729 17.565
 36    44.552 53472.09269500 20.91 301.172909 -27.624126 13.627
 36    44.413 53472.09269565 20.25 301.172049 -27.620846 13.627
 36    44.373 53472.09269629 20.52 301.171189 -27.617556 13.627
 36    44.343 53472.09269694 20.19 301.170329 -27.614276 13.627
 36    44.580 53472.09269758 19.71 301.169469 -27.610996 13.627
 36    44.393 53472.09269823 19.18 301.168609 -27.607716 13.627
 36    44.577 53472.09269887 17.74 301.167749 -27.604426 13.627
 36    44.402 53472.09269952 17.91 301.166889 -27.601146 13.627
 36    44.495 53472.09270016 16.73 301.166029 -27.597866 13.627
 36    44.516 53472.09270080 16.73 301.165169 -27.594576 13.627
 37    44.089 53507.09272534 27.68 301.172599 -27.626756 24.666
 37    43.789 53507.09272598 22.86 301.171745 -27.623479 19.437
 37    43.722 53507.09272663 23.51 301.170885 -27.620199 19.437
 37    43.798 53507.09272727 23.33 301.170025 -27.616909 19.437
 37    43.487 53507.09272792 24.67 301.169165 -27.613629 19.437
 37    43.887 53507.09272856 22.57 301.168305 -27.610349 19.437
 37    43.953 53507.09272921 20.74 301.167445 -27.607059 19.437
 37    43.480 53507.09272985 21.63 301.166595 -27.603779 19.437
 37    43.532 53507.09273050 21.64 301.165735 -27.600499 19.437
 37    43.378 53507.09273114 23.64 301.164875 -27.597209 19.437
 37    43.688 53507.09273179 23.37 301.164015 -27.593929 19.437
 38    44.602 53542.09273051 26.46 301.174134 -27.636488 17.091
 38    44.517 53542.09273116 23.17 301.173278 -27.633209 11.634
 38    44.681 53542.09273180 21.63 301.172418 -27.629929 11.634
 38    44.841 53542.09273245 20.90 301.171558 -27.626639 11.634
 38    44.796 53542.09273309 21.50 301.170698 -27.623359 11.634
 38    44.701 53542.09273373 22.01 301.169848 -27.620079 11.634
 38    44.582 53542.09273438 22.56 301.168988 -27.616789 11.634
 38    44.709 53542.09273502 22.07 301.168128 -27.613509 11.634
 38    44.868 53542.09273567 21.54 301.167268 -27.610229 11.634
 38    44.931 53542.09273631 19.66 301.166408 -27.606949 11.634
 38    44.709 53542.09273696 19.85 301.165548 -27.603659 11.634
 38    44.442 53542.09273760 22.09 301.164688 -27.600379 11.634
 38    44.784 53542.09273825 20.76 301.163828 -27.597099 11.634
 38    44.828 53542.09273889 21.31 301.162968 -27.593809 11.634
 39    43.670 53577.09271726 45.50 301.174574 -27.638415 51.300
 39    43.735 53577.09271791 48.88 301.173714 -27.635135 51.300
 39    43.731 53577.09271855 42.95 301.172854 -27.631855 51.300
 39    43.746 53577.09271919 51.03 301.171994 -27.628565 51.300
 39    43.773 53577.09271984 54.18 301.171134 -27.625285 47.757
 39    43.813 53577.09272048 53.62 301.170274 -27.622005 47.757
 39    43.853 53577.09272113 52.60 301.169414 -27.618715 47.757
 39    43.887 53577.09272177 52.33 301.168554 -27.615435 47.757
 39    43.927 53577.09272242 51.54 301.167694 -27.612155 47.757
 39    43.963 53577.09272306 50.90 301.166834 -27.608865 47.757
 39    43.985 53577.09272371 50.17 301.165984 -27.605585 47.757
 39    44.016 53577.09272435 51.43 301.165124 -27.602305 47.757
 39    44.032 53577.09272500 53.04 301.164264 -27.599015 47.757
 39    44.045 53577.09272564 53.22 301.163404 -27.595735 47.757
 40    43.140 53612.09266923 25.57 301.172987 -27.638848 17.450
 40    43.214 53612.09266988 27.39 301.172127 -27.635568 17.450
 40    43.176 53612.09267052 19.92 301.171267 -27.632278 17.450
 40    42.893 53612.09267117 21.89 301.170407 -27.628998 17.450
 40    43.137 53612.09267181 19.88 301.169551 -27.625719 15.310
 40    43.186 53612.09267246 23.95 301.168691 -27.622439 15.310
 40    43.231 53612.09267310 24.92 301.167831 -27.619149 15.310
 40    43.300 53612.09267374 25.11 301.166971 -27.615869 15.310
 40    43.196 53612.09267439 24.65 301.166111 -27.612589 15.310
 40    42.995 53612.09267503 26.33 301.165251 -27.609299 15.310
 40    42.903 53612.09267568 23.95 301.164391 -27.606019 15.310
 40    43.000 53612.09267632 18.17 301.163541 -27.602739 15.310
 40    43.139 53612.09267697 15.12 301.162681 -27.599449 15.310
 40    43.082 53612.09267761 15.30 301.161821 -27.596169 15.310
 41    43.953 53647.09267869 18.48 301.175531 -27.614247 19.207
 41    44.102 53647.09267933 22.36 301.174671 -27.610957 19.207
 41    43.967 53647.09267998 20.71 301.173811 -27.607677 19.207
 41    43.690 53647.09268062 18.88 301.172951 -27.604397 19.207
 41    43.943 53647.09268127 20.21 301.172091 -27.601107 19.207
 41    44.130 53647.09268191 17.32 301.171231 -27.597827 19.207
 41    44.306 53647.09268256 17.65 301.170371 -27.594547 19.207
 42    46.092 53682.09268949 26.63 301.172421 -27.639827 17.044
 42    46.057 53682.09269014 28.38 301.171571 -27.636547 17.044
 42    46.147 53682.09269078 27.73 301.170711 -27.633257 17.044
 42    46.222 53682.09269143 26.98 301.169851 -27.629977 17.044
 42    46.326 53682.09269207 27.30 301.168988 -27.626698 11.539
 42    46.273 53682.09269272 26.51 301.168128 -27.623418 11.539
 42    45.669 53682.09269336 28.30 301.167268 -27.620128 11.539
 42    45.714 53682.09269401 28.33 301.166408 -27.616848 11.539
 42    45.809 53682.09269465 26.83 301.165548 -27.613568 11.539
 42    46.104 53682.09269530 25.35 301.164698 -27.610278 11.539
 42    46.152 53682.09269594 24.92 301.163838 -27.606998 11.539
 42    46.175 53682.09269659 25.99 301.162978 -27.603718 11.539
 42    46.085 53682.09269723 26.42 301.162118 -27.600428 11.539
 42    45.936 53682.09269787 27.51 301.161258 -27.597148 11.539
 42    46.177 53682.09269852 27.17 301.160398 -27.593868 11.539
 43    44.326 53717.09262048 25.30 301.174885 -27.620754 21.198
 43    44.145 53717.09262112 21.43 301.174025 -27.617464 21.198
 43    44.117 53717.09262177 19.64 301.173165 -27.614184 21.198
 43    44.528 53717.09262241 20.30 301.172305 -27.610904 21.198
 43    44.345 53717.09262306 20.39 301.171445 -27.607614 21.198
 43    43.953 53717.09262370 22.66 301.170595 -27.604334 21.198
 43    44.004 53717.09262434 19.90 301.169735 -27.601054 21.198
 43    44.319 53717.09262499 18.52 301.168875 -27.597774 21.198
 43    44.274 53717.09262563 18.61 301.168015 -27.594484 21.198
 45    44.022 53787.09257120 19.56 301.175271 -27.613897 18.278
 45    44.113 53787.09257185 22.84 301.174421 -27.610607 18.278
 45    44.185 53787.09257249 21.32 301.173561 -27.607327 18.278
 45    43.612 53787.09257314 21.51 301.172701 -27.604047 18.278
 45    43.765 53787.09257378 22.10 301.171841 -27.600757 18.278
 45    43.938 53787.09257443 24.15 301.170981 -27.597477 18.278
 45    44.053 53787.09257507 25.62 301.170121 -27.594197 18.278
 46    45.517 53822.09252384 29.34 301.173650 -27.624603 26.266
 46    45.419 53822.09252449 24.57 301.172790 -27.621323 26.266
 46    45.215 53822.09252513 22.54 301.171930 -27.618043 26.266
 46    45.087 53822.09252577 23.55 301.171070 -27.614753 26.266
 46    45.140 53822.09252642 22.51 301.170210 -27.611473 26.266
 46    45.097 53822.09252706 21.10 301.169351 -27.608192 27.431
 46    44.889 53822.09252771 20.71 301.168491 -27.604912 27.431
 46    44.869 53822.09252835 21.09 301.167641 -27.601622 27.431
 46    45.298 53822.09252900 19.82 301.166781 -27.598342 27.431
 46    45.382 53822.09252964 21.22 301.165921 -27.595062 27.431
 47    44.895 53857.09261470 23.07 301.172595 -27.626517 19.824
 47    44.384 53857.09261534 20.49 301.171735 -27.623237 19.824
 47    44.188 53857.09261599 20.15 301.170875 -27.619947 19.824
 47    44.059 53857.09261663 20.27 301.170015 -27.616667 19.824
 47    44.196 53857.09261728 19.28 301.169159 -27.613388 20.040
 47    44.284 53857.09261792 17.74 301.168299 -27.610108 20.040
 47    44.065 53857.09261857 18.65 301.167439 -27.606818 20.040
 47    44.136 53857.09261921 17.39 301.166579 -27.603538 20.040
 47    44.079 53857.09261986 18.17 301.165729 -27.600258 20.040
 47    44.081 53857.09262050 18.23 301.164869 -27.596968 20.040
 47    43.988 53857.09262115 22.80 301.164009 -27.593688 20.040
 49    43.700 53927.09268479 33.95 301.170520 -27.646852 26.244
 49    43.385 53927.09268544 27.42 301.169660 -27.643562 26.244
 49    43.236 53927.09268608 27.39 301.168800 -27.640282 26.244
 49    43.220 53927.09268673 26.75 301.167940 -27.637002 26.244
 49    43.497 53927.09268737 38.73 301.167080 -27.633712 26.244
 49    43.449 53927.09268802 35.23 301.166220 -27.630432 26.244
 49    43.389 53927.09268866 28.82 301.165360 -27.627152 26.244
 49    43.656 53927.09268931 36.10 301.164500 -27.623872 26.244
 49    43.439 53927.09268995 34.98 301.163650 -27.620582 26.244
 49    43.527 53927.09269060 34.75 301.162786 -27.617304 25.728
 49    43.718 53927.09269124 28.70 301.161926 -27.614024 25.728
 49    43.658 53927.09269189 30.98 301.161066 -27.610734 25.728
 49    43.851 53927.09269253 28.95 301.160206 -27.607454 25.728
 49    43.995 53927.09269317 25.98 301.159346 -27.604174 25.728
 49    43.927 53927.09269382 18.78 301.158486 -27.600884 25.728
 49    43.752 53927.09269446 18.92 301.157636 -27.597604 25.728
 49    43.454 53927.09269511 18.81 301.156776 -27.594324 25.728
 50    43.477 53962.09267007 23.57 301.170968 -27.642464 21.110
 50    43.454 53962.09267071 22.09 301.170108 -27.639174 21.110
 50    43.231 53962.09267136 19.43 301.169248 -27.635894 21.110
 50    43.032 53962.09267200 20.76 301.168388 -27.632614 21.110
 50    43.140 53962.09267265 23.31 301.167528 -27.629324 21.110
 50    43.521 53962.09267329 25.54 301.166678 -27.626044 21.110
 50    43.502 53962.09267394 27.62 301.165818 -27.622764 21.110
 50    43.525 53962.09267458 30.49 301.164958 -27.619474 21.110
 50    43.607 53962.09267523 34.90 301.164098 -27.616194 21.110
 50    43.495 53962.09267587 31.12 301.163241 -27.612913 12.225
 50    43.539 53962.09267652 22.40 301.162381 -27.609633 12.225
 50    43.717 53962.09267716 17.01 301.161521 -27.606343 12.225
 50    43.753 53962.09267781 14.25 301.160661 -27.603063 12.225
 50    43.734 53962.09267845 14.63 301.159801 -27.599783 12.225
 50    43.581 53962.09267909 14.58 301.158941 -27.596493 12.225
 50    43.674 53962.09267974 14.90 301.158081 -27.593213 12.225
 52    44.693 54032.09267146 50.19 301.175157 -27.609860 47.086
 52    44.782 54032.09267211 50.06 301.174297 -27.606570 47.086
 52    44.638 54032.09267340 51.29 301.172587 -27.600010 47.086
 52    44.658 54032.09267404 45.31 301.171727 -27.596720 47.086
 53    44.805 54067.09266296 25.37 301.175159 -27.619687 32.271
 53    44.702 54067.09266361 20.00 301.174299 -27.616407 32.271
 53    44.786 54067.09266425 20.74 301.173439 -27.613126 23.002
 53    44.646 54067.09266490 20.38 301.172579 -27.609846 23.002
 53    44.596 54067.09266554 18.68 301.171719 -27.606556 23.002
 53    44.393 54067.09266619 18.15 301.170859 -27.603276 23.002
 53    44.849 54067.09266683 18.43 301.169999 -27.599996 23.002
 53    44.805 54067.09266748 21.81 301.169139 -27.596706 23.002
 54    45.703 54102.09262256 24.70 301.172201 -27.625062 28.411
 54    45.462 54102.09262320 24.84 301.171341 -27.621782 28.411
 54    45.147 54102.09262385 25.13 301.170481 -27.618502 28.411
 54    45.088 54102.09262449 26.15 301.169621 -27.615212 28.411
 54    45.261 54102.09262513 24.24 301.168761 -27.611932 28.411
 54    45.296 54102.09262578 23.97 301.167907 -27.608652 26.314
 54    45.294 54102.09262642 24.70 301.167047 -27.605372 26.314
 54    44.998 54102.09262707 26.16 301.166187 -27.602082 26.314
 54    45.132 54102.09262771 25.42 301.165327 -27.598802 26.314
 54    45.310 54102.09262836 26.65 301.164467 -27.595522 26.314
 55    47.171 54137.09259115 36.31 301.175320 -27.620569 47.178
 55    47.208 54137.09259180 39.83 301.174462 -27.617290 45.221
 55    47.302 54137.09259244 44.28 301.173602 -27.614010 45.221
 55    47.292 54137.09259309 45.13 301.172742 -27.610720 45.221
 55    47.273 54137.09259373 44.24 301.171882 -27.607440 45.221
 55    47.266 54137.09259438 36.99 301.171032 -27.604160 45.221
 55    47.188 54137.09259502 31.97 301.170172 -27.600870 45.221
 55    47.094 54137.09259566 27.85 301.169312 -27.597590 45.221
 55    47.119 54137.09259631 28.46 301.168452 -27.594310 45.221
 56    47.115 54172.09259947 34.61 301.172864 -27.627205 23.741
 56    47.032 54172.09260011 27.55 301.172014 -27.623915 23.741
 56    46.573 54172.09260076 26.84 301.171154 -27.620635 23.741
 56    46.332 54172.09260140 28.47 301.170294 -27.617355 23.741
 56    46.533 54172.09260205 27.44 301.169434 -27.614065 23.741
 56    46.495 54172.09260269 26.81 301.168574 -27.610785 23.741
 56    46.527 54172.09260334 27.24 301.167714 -27.607505 23.741
 56    46.424 54172.09260398 28.32 301.166854 -27.604215 23.741
 56    46.374 54172.09260463 29.41 301.165994 -27.600935 23.741
 56    46.474 54172.09260527 30.94 301.165144 -27.597655 23.741
 56    46.617 54172.09260591 29.86 301.164284 -27.594375 23.741
 57    45.205 54207.09259588 29.28 301.174843 -27.620987 26.088
 57    45.047 54207.09259653 26.31 301.173983 -27.617697 26.088
 57    44.947 54207.09259717 21.41 301.173123 -27.614417 26.088
 57    45.116 54207.09259782 21.80 301.172263 -27.611137 26.088
 57    45.132 54207.09259846 22.79 301.171403 -27.607847 26.088
 57    44.972 54207.09259911 23.48 301.170543 -27.604567 26.088
 57    44.834 54207.09259975 25.93 301.169683 -27.601287 26.088
 57    45.248 54207.09260040 31.55 301.168823 -27.598007 26.088
 57    45.274 54207.09260104 35.43 301.167963 -27.594717 26.088
 58    45.770 54242.09262910 30.52 301.174271 -27.620615 33.345
 58    45.433 54242.09262974 27.95 301.173411 -27.617325 33.345
 58    45.464 54242.09263039 28.59 301.172551 -27.614045 33.345
 58    45.819 54242.09263103 34.27 301.171691 -27.610765 33.345
 58    45.849 54242.09263168 40.77 301.170831 -27.607475 33.345
 58    45.940 54242.09263232 44.19 301.169971 -27.604195 33.345
 58    46.023 54242.09263297 42.69 301.169111 -27.600915 33.345
 58    45.711 54242.09263361 34.19 301.168251 -27.597625 33.345
 58    45.671 54242.09263426 31.46 301.167401 -27.594345 33.345
 59    44.676 54277.09264316 28.30 301.174702 -27.623162 22.684
 59    44.337 54277.09264381 25.11 301.173842 -27.619882 22.684
 59    44.239 54277.09264445 22.34 301.172982 -27.616592 22.684
 59    44.337 54277.09264509 20.45 301.172122 -27.613312 22.684
 59    44.615 54277.09264574 19.82 301.171262 -27.610032 22.684
 59    44.329 54277.09264638 18.97 301.170402 -27.606742 22.684
 59    44.284 54277.09264703 18.71 301.169542 -27.603462 22.684
 59    44.208 54277.09264767 18.49 301.168682 -27.600182 22.684
 59    44.389 54277.09264832 18.55 301.167832 -27.596892 22.684
 60    44.190 54312.09264351 43.09 301.175429 -27.622510 40.754
 60    44.138 54312.09264416 43.94 301.174569 -27.619230 40.754
 60    44.137 54312.09264480 45.34 301.173709 -27.615950 40.754
 60    44.157 54312.09264545 46.04 301.172849 -27.612660 40.754
 60    44.176 54312.09264609 48.71 301.171989 -27.609380 40.754
 60    44.195 54312.09264673 48.11 301.171129 -27.606100 40.754
 60    44.216 54312.09264738 43.55 301.170269 -27.602810 40.754
 60    44.235 54312.09264802 41.43 301.169409 -27.599530 40.754
 60    44.241 54312.09264867 46.69 301.168549 -27.596250 40.754
 61    43.649 54347.09261554 25.48 301.173461 -27.626225 19.307
 61    43.528 54347.09261619 22.61 301.172601 -27.622935 19.307
 61    43.345 54347.09261683 21.18 301.171751 -27.619655 19.307
 61    43.289 54347.09261748 23.42 301.170891 -27.616375 19.307
 61    43.250 54347.09261812 22.27 301.170031 -27.613085 19.307
 61    43.179 54347.09261877 22.00 301.169171 -27.609805 19.307
 61    43.122 54347.09261941 22.07 301.168311 -27.606525 19.307
 61    43.171 54347.09262006 21.34 301.167451 -27.603235 19.307
 61    43.342 54347.09262070 22.51 301.166591 -27.599955 19.307
 61    43.441 54347.09262135 22.40 301.165731 -27.596675 19.307
 62    44.143 54382.09258145 22.47 301.175340 -27.617922 15.425
 62    43.912 54382.09258209 21.11 301.174480 -27.614642 15.425
 62    43.743 54382.09258274 22.60 301.173620 -27.611362 15.425
 62    43.587 54382.09258338 22.96 301.172760 -27.608072 15.425
 62    43.060 54382.09258403 22.72 301.171900 -27.604792 15.425
 62    43.318 54382.09258467 24.03 301.171040 -27.601512 15.425
 62    43.562 54382.09258531 27.96 301.170180 -27.598222 15.425
 62    43.645 54382.09258596 29.67 301.169320 -27.594942 15.425
 63    43.910 54417.09256494 26.63 301.173190 -27.624195 21.841
 63    43.739 54417.09256558 22.93 301.172330 -27.620915 21.841
 63    43.751 54417.09256623 22.37 301.171480 -27.617625 21.841
 63    43.554 54417.09256687 22.87 301.170620 -27.614345 21.841
 63    43.566 54417.09256752 22.75 301.169760 -27.611065 21.841
 63    43.338 54417.09256816 24.33 301.168900 -27.607785 21.841
 63    43.118 54417.09256880 26.12 301.168040 -27.604495 21.841
 63    42.800 54417.09256945 28.65 301.167180 -27.601215 21.841
 63    43.551 54417.09257009 28.04 301.166320 -27.597935 21.841
 63    43.808 54417.09257074 28.45 301.165460 -27.594645 21.841
 64    44.337 54452.09255055 26.91 301.175837 -27.617990 20.780
 64    44.283 54452.09255120 20.52 301.174977 -27.614710 20.780
 64    44.397 54452.09255184 20.69 301.174117 -27.611420 20.780
 64    44.327 54452.09255249 21.42 301.173257 -27.608140 20.780
 64    44.065 54452.09255313 20.19 301.172397 -27.604860 20.780
 64    43.957 54452.09255378 22.96 301.171537 -27.601570 20.780
 64    44.191 54452.09255442 23.96 301.170677 -27.598290 20.780
 64    44.340 54452.09255506 25.26 301.169817 -27.595010 20.780
 65    44.710 54487.09256243 30.99 301.175725 -27.622239 32.175
 65    44.446 54487.09256308 24.23 301.174865 -27.618949 32.175
 65    44.171 54487.09256372 18.51 301.174005 -27.615669 32.175
 65    44.185 54487.09256437 18.18 301.173144 -27.612388 20.464
 65    44.300 54487.09256501 19.85 301.172284 -27.609108 20.464
 65    43.991 54487.09256566 18.51 301.171424 -27.605818 20.464
 65    43.715 54487.09256630 21.22 301.170564 -27.602538 20.464
 65    44.176 54487.09256695 18.09 301.169704 -27.599258 20.464
 65    44.425 54487.09256759 17.25 301.168844 -27.595968 20.464
 66    44.256 54522.09256397 22.79 301.175571 -27.616463 21.479
 66    44.257 54522.09256462 19.50 301.174711 -27.613183 21.479
 66    44.373 54522.09256526 22.81 301.173851 -27.609893 21.479
 66    44.078 54522.09256591 22.41 301.172991 -27.606613 21.479
 66    43.770 54522.09256655 23.87 301.172131 -27.603333 21.479
 66    44.025 54522.09256719 20.86 301.171271 -27.600043 21.479
 66    44.362 54522.09256784 18.86 301.170411 -27.596763 21.479
 67    44.862 54557.09257194 50.35 301.173447 -27.626064 45.636
 67    44.900 54557.09257258 54.21 301.172587 -27.622784 45.636
 67    44.921 54557.09257322 52.35 301.171727 -27.619504 45.636
 67    44.948 54557.09257387 53.57 301.170867 -27.616214 45.636
 67    44.974 54557.09257451 52.53 301.170017 -27.612934 45.636
 67    44.997 54557.09257516 51.10 301.169157 -27.609654 45.636
 67    45.026 54557.09257580 49.70 301.168297 -27.606374 45.636
 67    45.051 54557.09257645 49.62 301.167437 -27.603084 45.636
 67    45.079 54557.09257709 49.43 301.166577 -27.599804 45.636
 67    45.106 54557.09257774 43.83 301.165717 -27.596524 45.636
 68    45.586 54592.09255969 31.32 301.174029 -27.621595 26.171
 68    45.270 54592.09256034 25.78 301.173169 -27.618315 26.171
 68    45.255 54592.09256098 24.25 301.172309 -27.615035 26.171
 68    45.410 54592.09256163 23.35 301.171449 -27.611755 26.171
 68    45.201 54592.09256227 23.77 301.170589 -27.608465 26.171
 68    45.050 54592.09256292 23.94 301.169729 -27.605185 26.171
 68    45.201 54592.09256356 25.64 301.168869 -27.601905 26.171
 68    45.447 54592.09256421 29.83 301.168009 -27.598615 26.171
 68    45.596 54592.09256485 36.24 301.167149 -27.595335 26.171
 69    44.436 54627.09257467 23.99 301.173935 -27.624337 22.083
 69    44.294 54627.09257531 22.48 301.173075 -27.621047 22.083
 69    44.034 54627.09257596 24.92 301.172225 -27.617767 22.083
 69    43.744 54627.09257660 27.55 301.171365 -27.614487 22.083
 69    43.829 54627.09257725 27.14 301.170505 -27.611197 22.083
 69    43.971 54627.09257789 24.90 301.169645 -27.607917 22.083
 69    44.030 54627.09257854 23.97 301.168785 -27.604637 22.083
 69    43.904 54627.09257918 24.76 301.167925 -27.601347 22.083
 69    44.101 54627.09257982 23.18 301.167065 -27.598067 22.083
 69    44.320 54627.09258047 20.58 301.166205 -27.594787 22.083
 70    44.104 54662.09258186 24.85 301.173256 -27.625279 18.274
 70    43.859 54662.09258250 22.59 301.172406 -27.621999 18.274
 70    43.714 54662.09258315 21.59 301.171546 -27.618709 18.274
 70    43.683 54662.09258379 22.51 301.170686 -27.615429 18.274
 70    43.587 54662.09258443 22.69 301.169826 -27.612149 18.274
 70    43.513 54662.09258508 21.45 301.168966 -27.608859 18.274
 70    43.521 54662.09258572 21.25 301.168106 -27.605579 18.274
 70    43.531 54662.09258637 21.42 301.167246 -27.602299 18.274
 70    43.661 54662.09258701 22.57 301.166386 -27.599019 18.274
 70    43.733 54662.09258766 23.28 301.165526 -27.595729 18.274
 71    45.225 54697.09255763 28.01 301.174366 -27.625052 21.659
 71    45.031 54697.09255827 23.62 301.173506 -27.621772 21.659
 71    44.958 54697.09255891 21.83 301.172646 -27.618492 21.659
 71    44.772 54697.09255956 23.36 301.171796 -27.615202 21.659
 71    44.878 54697.09256020 22.50 301.170936 -27.611922 21.659
 71    44.791 54697.09256085 21.92 301.170076 -27.608642 21.659
 71    44.450 54697.09256149 22.12 301.169216 -27.605362 21.659
 71    44.398 54697.09256214 23.69 301.168356 -27.602072 21.659
 71    44.781 54697.09256278 23.27 301.167496 -27.598792 21.659
 71    44.999 54697.09256343 21.86 301.166636 -27.595512 21.659
 72    44.046 54732.09253942 26.75 301.175650 -27.621300 14.367
 72    44.117 54732.09254007 19.47 301.174790 -27.618020 14.367
 72    43.813 54732.09254071 19.57 301.173930 -27.614740 14.367
 72    43.909 54732.09254136 18.85 301.173070 -27.611450 14.367
 72    43.972 54732.09254200 19.46 301.172210 -27.608170 14.367
 72    43.498 54732.09254264 20.80 301.171350 -27.604890 14.367
 72    43.445 54732.09254329 22.09 301.170490 -27.601600 14.367
 72    43.656 54732.09254393 23.65 301.169630 -27.598320 14.367
 72    43.798 54732.09254458 26.29 301.168770 -27.595040 14.367
 73    44.925 54767.09253686 27.88 301.174721 -27.622628 17.981
 73    44.724 54767.09253750 22.99 301.173871 -27.619348 17.981
 73    44.630 54767.09253815 22.57 301.173011 -27.616058 17.981
 73    44.566 54767.09253879 23.59 301.172151 -27.612778 17.981
 73    44.613 54767.09253944 23.65 301.171291 -27.609498 17.981
 73    44.284 54767.09254008 25.55 301.170431 -27.606208 17.981
 73    43.877 54767.09254072 28.79 301.169571 -27.602928 17.981
 73    44.357 54767.09254137 29.60 301.168711 -27.599648 17.981
 73    44.580 54767.09254201 29.12 301.167851 -27.596358 17.981
 74    44.559 54802.09253222 27.81 301.175356 -27.622291 22.152
 74    44.390 54802.09253286 24.07 301.174496 -27.619001 22.152
 74    44.428 54802.09253351 20.03 301.173636 -27.615721 22.152
 74    44.000 54802.09253415 22.15 301.172776 -27.612441 22.152
 74    44.875 54802.09253480 20.05 301.171916 -27.609151 22.152
 74    44.913 54802.09253544 17.98 301.171056 -27.605871 22.152
 74    44.644 54802.09253609 17.70 301.170196 -27.602591 22.152
 74    44.467 54802.09253673 17.49 301.169336 -27.599311 22.152
 74    44.410 54802.09253738 17.29 301.168476 -27.596021 22.152
 75    42.925 54837.09252941 46.49 301.174654 -27.624015 29.177
 75    42.966 54837.09253005 47.72 301.173804 -27.620735 29.177
 75    42.924 54837.09253070 36.89 301.172944 -27.617445 29.177
 75    42.843 54837.09253134 28.36 301.172084 -27.614165 29.177
 75    42.868 54837.09253199 28.64 301.171224 -27.610885 29.177
 75    42.820 54837.09253263 25.12 301.170364 -27.607595 29.177
 75    42.678 54837.09253328 23.62 301.169504 -27.604315 29.177
 75    42.789 54837.09253392 24.74 301.168644 -27.601035 29.177
 75    42.860 54837.09253457 25.59 301.167784 -27.597745 29.177
 75    42.946 54837.09253521 28.40 301.166924 -27.594465 29.177
 76    43.885 54872.09253204 53.68 301.175120 -27.619272 39.357
 76    43.960 54872.09253269 54.31 301.174260 -27.615992 39.357
 76    44.045 54872.09253333 52.14 301.173400 -27.612712 39.357
 76    44.039 54872.09253398 51.76 301.172540 -27.609422 39.357
 76    43.969 54872.09253462 53.66 301.171680 -27.606142 39.357
 76    43.956 54872.09253527 55.43 301.170820 -27.602862 39.357
 76    44.023 54872.09253591 54.48 301.169960 -27.599572 39.357
 76    44.119 54872.09253655 52.48 301.169100 -27.596292 39.357
 77    44.055 54907.09253369 38.58 301.174495 -27.638679 29.317
 77    44.229 54907.09253434 38.92 301.173635 -27.635389 29.317
 77    43.973 54907.09253498 24.70 301.172775 -27.632110 21.511
 77    43.791 54907.09253562 22.72 301.171915 -27.628830 21.511
 77    43.864 54907.09253627 26.10 301.171055 -27.625540 21.511
 77    43.890 54907.09253691 26.64 301.170195 -27.622260 21.511
 77    43.821 54907.09253756 28.40 301.169335 -27.618980 21.511
 77    43.848 54907.09253820 25.45 301.168475 -27.615690 21.511
 77    43.859 54907.09253885 21.88 301.167625 -27.612410 21.511
 77    43.913 54907.09253949 19.71 301.166765 -27.609130 21.511
 77    43.759 54907.09254014 18.82 301.165905 -27.605850 21.511
 77    43.657 54907.09254078 20.01 301.165045 -27.602560 21.511
 77    43.647 54907.09254143 20.38 301.164185 -27.599280 21.511
 77    43.728 54907.09254207 21.75 301.163325 -27.596000 21.511
 78    43.770 54942.09252408 23.55 301.174919 -27.622680 20.981
 78    43.404 54942.09252472 21.34 301.174059 -27.619400 20.981
 78    43.242 54942.09252537 20.76 301.173199 -27.616120 20.981
 78    43.308 54942.09252601 20.29 301.172339 -27.612830 20.981
 78    43.488 54942.09252666 19.69 301.171479 -27.609550 20.981
 78    43.291 54942.09252730 19.23 301.170619 -27.606270 20.981
 78    42.934 54942.09252795 20.32 301.169759 -27.602980 20.981
 78    43.439 54942.09252859 20.77 301.168899 -27.599700 20.981
 78    43.640 54942.09252924 18.66 301.168039 -27.596420 20.981
 79    43.288 54977.09255189 46.35 301.174055 -27.625650 46.702
 79    43.277 54977.09255253 47.80 301.173195 -27.622360 46.702
 79    43.190 54977.09255318 44.60 301.172335 -27.619080 46.702
 79    43.250 54977.09255382 46.26 301.171475 -27.615800 46.702
 79    43.256 54977.09255447 46.75 301.170615 -27.612510 46.702
 79    43.275 54977.09255511 45.84 301.169755 -27.609230 46.702
 79    43.276 54977.09255576 40.93 301.168895 -27.605950 46.702
 79    43.290 54977.09255640 38.80 301.168035 -27.602660 46.702
 79    43.328 54977.09255704 40.62 301.167175 -27.599380 46.702
 79    43.365 54977.09255769 49.55 301.166315 -27.596100 46.702
 80    43.814 55012.09255988 40.55 301.173709 -27.624556 43.605
 80    43.826 55012.09256053 45.38 301.172859 -27.621276 43.605
 80    43.845 55012.09256117 49.25 301.171999 -27.617986 43.605
 80    43.829 55012.09256182 48.39 301.171139 -27.614706 43.605
 80    43.852 55012.09256246 50.62 301.170279 -27.611426 43.605
 80    43.868 55012.09256311 50.36 301.169419 -27.608146 43.605
 80    43.881 55012.09256375 51.11 301.168559 -27.604856 43.605
 80    43.911 55012.09256440 49.04 301.167699 -27.601576 43.605
 80    43.944 55012.09256504 50.91 301.166839 -27.598296 43.605
 80    43.968 55012.09256569 49.91 301.165979 -27.595006 43.605
 81    44.921 55047.09255244 29.47 301.174761 -27.621176 27.464
 81    44.662 55047.09255309 24.98 301.173901 -27.617886 27.464
 81    44.565 55047.09255373 22.35 301.173041 -27.614606 27.464
 81    44.859 55047.09255437 20.82 301.172181 -27.611326 27.464
 81    44.749 55047.09255502 21.21 301.171321 -27.608036 27.464
 81    44.463 55047.09255566 22.30 301.170461 -27.604756 27.464
 81    44.311 55047.09255631 24.16 301.169601 -27.601476 27.464
 81    44.530 55047.09255695 26.58 301.168741 -27.598196 27.464
 81    44.715 55047.09255760 27.71 301.167881 -27.594906 27.464
 82    44.420 55082.09252386 24.62 301.172855 -27.626344 22.166
 82    44.399 55082.09252450 22.08 301.171995 -27.623064 22.166
 82    44.108 55082.09252515 22.28 301.171135 -27.619784 22.166
 82    43.962 55082.09252579 19.63 301.170275 -27.616494 22.166
 82    43.981 55082.09252643 18.74 301.169425 -27.613214 22.166
 82    43.945 55082.09252708 17.18 301.168565 -27.609934 22.166
 82    43.887 55082.09252772 18.15 301.167705 -27.606654 22.166
 82    43.777 55082.09252837 17.67 301.166845 -27.603364 22.166
 82    43.981 55082.09252901 16.64 301.165985 -27.600084 22.166
 82    44.208 55082.09252966 18.28 301.165125 -27.596804 22.166
 82    44.334 55082.09253030 18.41 301.164265 -27.593514 22.166
 83    45.154 55117.09248481 31.68 301.175781 -27.618891 29.207
 83    45.064 55117.09248546 26.60 301.174921 -27.615611 29.207
 83    44.987 55117.09248610 24.47 301.174061 -27.612331 29.207
 83    45.458 55117.09248674 26.09 301.173201 -27.609041 29.207
 83    45.059 55117.09248739 28.02 301.172341 -27.605761 29.207
 83    44.695 55117.09248803 28.45 301.171481 -27.602481 29.207
 83    44.823 55117.09248868 29.72 301.170621 -27.599191 29.207
 83    45.187 55117.09248932 33.54 301.169761 -27.595911 29.207
 84    46.046 55152.09248118 34.96 301.173535 -27.624948 21.572
 84    45.831 55152.09248182 25.41 301.172675 -27.621658 21.572
 84    45.655 55152.09248247 25.73 301.171815 -27.618378 21.572
 84    45.497 55152.09248311 24.72 301.170955 -27.615098 21.572
 84    45.731 55152.09248376 24.62 301.170105 -27.611808 21.572
 84    45.804 55152.09248440 24.37 301.169245 -27.608528 21.572
 84    45.593 55152.09248505 25.88 301.168385 -27.605248 21.572
 84    45.326 55152.09248569 28.43 301.167525 -27.601958 21.572
 84    45.655 55152.09248634 28.24 301.166665 -27.598678 21.572
 84    45.668 55152.09248698 29.80 301.165805 -27.595398 21.572
 85    47.265 55187.09247119 51.50 301.175080 -27.621021 54.443
 85    47.216 55187.09247184 53.34 301.174220 -27.617741 54.443
 85    47.211 55187.09247248 53.42 301.173360 -27.614461 54.443
 85    47.176 55187.09247313 52.37 301.172500 -27.611181 54.443
 85    47.194 55187.09247377 52.01 301.171640 -27.607891 54.443
 85    47.207 55187.09247442 49.47 301.170780 -27.604611 54.443
 85    47.231 55187.09247506 51.38 301.169920 -27.601331 54.443
 85    47.255 55187.09247571 52.88 301.169060 -27.598041 54.443
 85    47.272 55187.09247635 52.93 301.168200 -27.594761 54.443
 86    47.653 55222.09248031 40.73 301.173628 -27.624939 27.652
 86    47.420 55222.09248095 28.00 301.172778 -27.621659 27.652
 86    47.216 55222.09248160 27.66 301.171918 -27.618369 27.652
 86    47.019 55222.09248224 28.56 301.171058 -27.615089 27.652
 86    47.133 55222.09248289 27.96 301.170198 -27.611809 27.652
 86    47.119 55222.09248353 28.08 301.169338 -27.608529 27.652
 86    47.081 55222.09248418 29.14 301.168478 -27.605239 27.652
 86    47.202 55222.09248482 28.93 301.167618 -27.601959 27.652
 86    47.335 55222.09248547 30.95 301.166758 -27.598669 27.652
 86    47.473 55222.09248611 31.81 301.165898 -27.595389 27.652
 87    46.651 55257.09246711 31.07 301.175379 -27.618833 32.749
 87    46.468 55257.09246775 28.36 301.174519 -27.615553 32.749
 87    46.659 55257.09246840 26.14 301.173659 -27.612273 32.749
 87    46.624 55257.09246904 26.85 301.172799 -27.608983 32.749
 87    46.564 55257.09246969 27.33 301.171939 -27.605703 32.749
 87    46.708 55257.09247033 29.23 301.171079 -27.602423 32.749
 87    46.564 55257.09247098 31.23 301.170219 -27.599133 32.749
 87    46.678 55257.09247162 35.52 301.169359 -27.595853 32.749
 88    46.551 55292.09246760 38.70 301.172872 -27.627637 18.639
 88    46.378 55292.09246824 26.82 301.172012 -27.624357 18.639
 88    46.202 55292.09246889 26.74 301.171152 -27.621077 18.639
 88    45.858 55292.09246953 27.78 301.170292 -27.617797 18.639
 88    45.750 55292.09247018 28.20 301.169432 -27.614507 18.639
 88    45.871 55292.09247082 25.92 301.168582 -27.611227 18.639
 88    45.936 55292.09247147 26.15 301.167722 -27.607947 18.639
 88    46.023 55292.09247211 27.78 301.166862 -27.604657 18.639
 88    45.960 55292.09247276 27.26 301.166002 -27.601377 18.639
 88    45.840 55292.09247340 26.86 301.165142 -27.598097 18.639
 88    45.757 55292.09247404 27.75 301.164282 -27.594807 18.639
 89    46.287 55327.09245151 27.63 301.172626 -27.623861 26.567
 89    45.871 55327.09245215 26.41 301.171766 -27.620571 26.567
 89    45.533 55327.09245280 28.96 301.170906 -27.617291 26.567
 89    45.640 55327.09245344 28.89 301.170046 -27.614011 26.567
 89    45.661 55327.09245409 32.10 301.169186 -27.610721 26.567
 89    45.773 55327.09245473 32.46 301.168326 -27.607441 26.567
 89    45.784 55327.09245538 29.71 301.167466 -27.604161 26.567
 89    45.664 55327.09245602 27.38 301.166606 -27.600871 26.567
 89    45.533 55327.09245667 26.33 301.165746 -27.597591 26.567
 89    45.672 55327.09245731 27.38 301.164886 -27.594311 26.567
 90    44.923 55362.09244700 40.95 301.173646 -27.625432 31.271
 90    44.886 55362.09244764 36.60 301.172786 -27.622152 31.271
 90    44.749 55362.09244829 29.58 301.171926 -27.618862 31.271
 90    44.828 55362.09244893 31.58 301.171076 -27.615582 31.271
 90    44.678 55362.09244958 31.16 301.170216 -27.612302 31.271
 90    44.954 55362.09245022 31.76 301.169356 -27.609022 31.271
 90    44.962 55362.09245086 30.50 301.168496 -27.605732 31.271
 90    44.948 55362.09245151 27.98 301.167636 -27.602452 31.271
 90    44.714 55362.09245215 29.08 301.166776 -27.599172 31.271
 90    44.775 55362.09245280 28.87 301.165916 -27.595882 31.271
 91    44.572 55397.09245458 32.09 301.175618 -27.622474 22.651
 91    44.475 55397.09245522 26.40 301.174758 -27.619184 22.651
 91    45.102 55397.09245587 21.50 301.173898 -27.615904 22.651
 91    45.517 55397.09245651 22.75 301.173038 -27.612624 22.651
 91    45.542 55397.09245716 22.23 301.172178 -27.609334 22.651
 91    45.766 55397.09245780 21.46 301.171318 -27.606054 22.651
 91    56.229 55397.09245845 21.32 301.170458 -27.602774 22.651
 91    57.199 55397.09245909 19.72 301.169598 -27.599484 22.651
 91    57.346 55397.09245973 20.14 301.168738 -27.596204 22.651
 92    44.347 55432.09246278 50.20 301.175927 -27.622023 46.967
 92    44.327 55432.09246342 53.63 301.175077 -27.618743 46.967
 92    44.346 55432.09246407 55.13 301.174217 -27.615453 46.967
 92    44.347 55432.09246471 52.72 301.173357 -27.612173 46.967
 92    44.413 55432.09246536 52.63 301.172497 -27.608893 46.967
 92    44.440 55432.09246600 54.43 301.171637 -27.605603 46.967
 92    44.479 55432.09246665 51.84 301.170777 -27.602323 46.967
 92    44.504 55432.09246729 50.94 301.169917 -27.599043 46.967
 92    44.503 55432.09246794 52.55 301.169057 -27.595763 46.967
 93    44.097 55467.09242162 33.84 301.173293 -27.625631 24.137
 93    43.977 55467.09242226 28.96 301.172433 -27.622351 24.137
 93    44.128 55467.09242291 30.82 301.171573 -27.619071 24.137
 93    44.085 55467.09242355 31.53 301.170713 -27.615781 24.137
 93    44.126 55467.09242420 34.13 301.169853 -27.612501 24.137
 93    44.219 55467.09242484 36.14 301.169003 -27.609221 24.137
 93    44.202 55467.09242549 36.71 301.168143 -27.605931 24.137
 93    44.147 55467.09242613 36.09 301.167283 -27.602651 24.137
 93    44.277 55467.09242678 34.24 301.166423 -27.599371 24.137
 93    44.260 55467.09242742 33.71 301.165563 -27.596081 24.137
