#    0.000   0.000   0.000 ;Mean Elev.(m), Avg Gradient(m/km), RMS Gradient(m/km) - SRTM1     
#    0.000   0.000   0.000 ;Mean Elev.(m), Avg Gradient(m/km), RMS Gradient(m/km) - ASTER GDEM
#    3.286  -1.240   3.356 ;Mean Elev.(m), Avg Gradient(m/km), RMS Gradient(m/km) - GMTED2010 
 11     9.459 52603.09945731 33.76 299.862744 -33.363169  9.576
 11    21.458 52603.09945795 20.80 299.861814 -33.359899  9.576
 11    20.533 52603.09945860 21.28 299.860874 -33.356629  9.576
 12     5.210 52638.09942895 30.76 299.871521 -33.371085 24.450
 12     5.909 52638.09943153 34.94 299.867771 -33.357995 24.450
 13    21.775 52673.09943037  7.41 299.866965 -33.365970  5.280
 13    20.050 52673.09943101  7.41 299.866035 -33.362700  5.280
 13    19.099 52673.09943166  7.11 299.865095 -33.359430  5.280
 13     5.096 52673.09943230  7.77 299.864155 -33.356150  5.280
 14     5.049 52708.09943852 21.29 299.871090 -33.364403 21.742
 14     5.263 52708.09943916 24.59 299.870160 -33.361133 21.742
 15    10.409 52743.09946865 29.85 299.862303 -33.364509  7.067
 15     5.134 52743.09946930 25.88 299.861363 -33.361239  7.067
 15     5.494 52743.09946994 25.77 299.860423 -33.357959  7.067
 15     5.795 52743.09947059 30.40 299.859493 -33.354689  7.067
 17     4.266 52813.09948818 35.39 299.870333 -33.368217 26.843
 17     4.229 52813.09948883 21.74 299.869393 -33.364947 26.843
 17     4.223 52813.09948947 23.54 299.868453 -33.361677 26.843
 17     4.331 52813.09949012 29.19 299.867523 -33.358407 26.843
 19     9.954 52883.09957868 20.58 299.865783 -33.365431 11.826
 19    10.000 52883.09957932 19.56 299.864843 -33.362151 11.826
 19     4.000 52883.09957997 20.61 299.863913 -33.358881 11.826
 19     4.132 52883.09958061 22.85 299.862973 -33.355611 11.826
 20     3.581 52918.09953494 42.49 299.868485 -33.367410 16.056
 20     3.480 52918.09953558 39.18 299.867545 -33.364140 16.056
 20     3.479 52918.09953623 38.59 299.866615 -33.360860 16.056
 20     3.705 52918.09953687 39.95 299.865675 -33.357590 16.056
 21     3.812 52953.09949473 33.37 299.881758 -33.377802 25.247
 21     3.775 52953.09949538 28.70 299.880818 -33.374532 25.247
 21     3.453 52953.09949602 26.30 299.879878 -33.371252 25.247
 21     3.297 52953.09949666 24.23 299.878938 -33.367982 25.247
 21     3.473 52953.09949731 26.44 299.878008 -33.364712 25.247
 21     3.817 52953.09949795 22.61 299.877068 -33.361432 25.247
 23     4.682 53023.09949376 22.23 299.875880 -33.375777 22.494
 23     4.904 53023.09949440 23.59 299.874940 -33.372507 22.494
 24     4.252 53058.09948735 21.27 299.881931 -33.379102 22.156
 24     4.214 53058.09948800 17.71 299.880991 -33.375832 22.156
 24    16.048 53058.09948864 15.14 299.880061 -33.372562 22.156
 24    16.894 53058.09948929 15.65 299.879121 -33.369292 22.156
 24     3.720 53058.09949058 18.35 299.877241 -33.362742 22.156
 25     2.845 53093.09952898 29.66 299.857046 -33.360310 13.978
 25     3.430 53093.09952963 30.92 299.856106 -33.357030 13.978
 26     4.487 53128.09949548 28.74 299.880855 -33.382519 16.150
 26     4.533 53128.09949613 24.13 299.879915 -33.379245 20.310
 28     4.823 53198.09956436 24.28 299.871209 -33.369068 24.983
 28     4.109 53198.09956500 24.06 299.870279 -33.365798 24.983
 28     4.081 53198.09956565 26.14 299.869339 -33.362518 24.983
 28     4.244 53198.09956629 36.31 299.868399 -33.359248 24.983
 29     4.459 53233.09953639 32.99 299.879947 -33.380771 34.655
 29     4.356 53233.09953704 27.24 299.879007 -33.377501 34.655
 29     4.296 53233.09953768 25.57 299.878067 -33.374221 34.655
 29     4.395 53233.09953833 19.91 299.877127 -33.370951 34.655
 29     4.181 53233.09953962 22.89 299.875257 -33.364401 34.655
 29     4.219 53233.09954026 29.25 299.874317 -33.361131 34.655
 30    12.943 53268.09950823 30.67 299.862344 -33.363137  8.826
 30    19.046 53268.09950888 18.55 299.861404 -33.359867  8.826
 30     3.947 53268.09950952 20.57 299.860474 -33.356587  8.826
 31    10.349 53303.09956544 27.87 299.862490 -33.363027  8.207
 31    19.685 53303.09956609 17.03 299.861550 -33.359757  8.207
 31    18.722 53303.09956673 20.08 299.860620 -33.356487  8.207
 32     4.744 53338.09953403 30.39 299.867672 -33.367016 13.137
 32    11.999 53338.09953467 20.98 299.866732 -33.363746 13.137
 32     4.895 53338.09953532 26.41 299.865792 -33.360466 13.137
 32     5.068 53338.09953596 31.82 299.864862 -33.357196 13.137
 33    13.372 53373.09946804 22.31 299.867131 -33.365774 15.441
 33    10.000 53373.09946869 22.22 299.866191 -33.362504 15.441
 33     4.815 53373.09946933 26.54 299.865251 -33.359234 15.441
 35     4.392 53443.09949300 30.70 299.863554 -33.360726  9.254
 35     4.357 53443.09949364 34.89 299.862624 -33.357446  9.254
 36     4.515 53478.09956570 34.13 299.865450 -33.365557  6.310
 36     4.197 53478.09956634 33.57 299.864510 -33.362287  6.310
 36     4.097 53478.09956699 32.96 299.863570 -33.359007  6.310
 36     4.486 53478.09956763 33.50 299.862640 -33.355737  6.310
 37     4.908 53513.09957587 23.56 299.869531 -33.368255 14.693
 37     4.164 53513.09957652 22.07 299.868601 -33.364985 14.693
 37     4.118 53513.09957716 24.46 299.867661 -33.361715 14.693
 37     4.585 53513.09957781 27.00 299.866721 -33.358435 14.693
 38    10.835 53548.09959541 30.68 299.861831 -33.362878  9.290
 38     4.231 53548.09959605 35.67 299.860901 -33.359608  9.290
 38     4.390 53548.09959670 35.50 299.859961 -33.356338  9.290
 40    11.287 53618.09951797 38.12 299.861007 -33.363609  9.799
 40     3.233 53618.09951861 25.23 299.860067 -33.360339  9.799
 40     3.874 53618.09951926 24.88 299.859137 -33.357059  9.799
 40     4.034 53618.09951990 27.10 299.858197 -33.353789  9.799
 41     4.938 53653.09953714 23.41 299.872261 -33.371354 19.123
 41     4.410 53653.09953778 22.51 299.871321 -33.368084 19.123
 41     3.351 53653.09953843 23.39 299.870391 -33.364814 19.123
 41     3.723 53653.09953907 24.94 299.869451 -33.361534 19.123
 41     4.072 53653.09953971 31.27 299.868511 -33.358264 19.123
 44     4.317 53758.09939689 17.36 299.883821 -33.379602 20.379
 44     4.387 53758.09939754 17.05 299.882881 -33.376332 20.379
 44     3.980 53758.09940012 18.33 299.879131 -33.363242 20.379
 45     4.601 53793.09942108 39.81 299.873659 -33.372138 21.556
 45     3.852 53793.09942173 38.47 299.872719 -33.368858 21.556
 45     3.996 53793.09942237 33.41 299.871789 -33.365588 21.556
 45     3.909 53793.09942302 38.64 299.870849 -33.362318 21.556
 45     4.163 53793.09942366 39.27 299.869909 -33.359038 21.556
 46     4.413 53828.09938872 23.05 299.881857 -33.380287 18.918
 46     4.439 53828.09938937 20.80 299.880917 -33.377017 18.918
 46     4.076 53828.09939259 27.65 299.876227 -33.360647 18.918
 47     9.607 53863.09947587 22.13 299.868430 -33.366958 21.216
 47     9.610 53863.09947651 23.56 299.867490 -33.363688 21.216
 47    18.567 53863.09947716 21.00 299.866550 -33.360408 21.216
 47     4.494 53863.09947780 28.14 299.865620 -33.357138 21.216
 48     5.192 53898.09949788 24.34 299.872203 -33.371699 18.521
 48     4.872 53898.09949852 21.47 299.871263 -33.368429 18.521
 48     9.550 53898.09949917 22.08 299.870333 -33.365159 18.521
 48     3.993 53898.09949981 25.28 299.869393 -33.361879 18.521
 48     4.209 53898.09950046 28.10 299.868453 -33.358609 18.521
 49     3.552 53933.09954787 41.26 299.856789 -33.358940 13.878
 49     3.679 53933.09954851 47.34 299.855849 -33.355670 13.878
 50     3.480 53968.09952049 29.24 299.859792 -33.358912  9.957
 50     3.601 53968.09952113 29.31 299.858852 -33.355642  9.957
 51     4.431 54003.09948386 24.53 299.881237 -33.381066 21.183
 51     4.519 54003.09948451 21.64 299.880297 -33.377796 21.183
 51     4.593 54003.09948515 18.94 299.879357 -33.374516 21.183
 51     4.029 54003.09948580 19.83 299.878417 -33.371246 21.183
 51     3.383 54003.09948644 21.49 299.877487 -33.367976 21.183
 51     3.551 54003.09948709 21.29 299.876547 -33.364706 21.183
 51     3.614 54003.09948773 36.05 299.875607 -33.361426 21.183
 54     9.901 54108.09946582 28.06 299.862504 -33.362755 15.095
 54    19.556 54108.09946647 19.44 299.861564 -33.359485 15.095
 54    18.347 54108.09946711 23.48 299.860634 -33.356205 15.095
 55     4.936 54143.09945226 26.69 299.872767 -33.371894 26.228
 55     4.817 54143.09945291 21.04 299.871837 -33.368624 26.228
 55     4.974 54143.09945419 25.73 299.869957 -33.362074 26.228
 55     5.199 54143.09945484 34.81 299.869017 -33.358804 26.228
 56     9.590 54178.09944887 30.29 299.865104 -33.364532  8.506
 56     5.725 54178.09944952 30.84 299.864164 -33.361262  8.506
 56     5.797 54178.09945016 31.67 299.863234 -33.357982  8.506
 58     5.348 54248.09948935 23.80 299.869616 -33.366922 21.323
 58     5.200 54248.09948999 22.84 299.868686 -33.363652 21.323
 58     5.366 54248.09949064 26.54 299.867746 -33.360372 21.323
 60     4.970 54318.09949493 22.23 299.871692 -33.371338 21.977
 60     4.400 54318.09949751 33.83 299.867942 -33.358238 21.977
 63     3.937 54423.09941058 39.04 299.867383 -33.366601 19.832
 63     9.007 54423.09941122 28.33 299.866453 -33.363331 19.832
 63     3.782 54423.09941186 40.19 299.865513 -33.360061 19.832
 63     3.896 54423.09941251 45.01 299.864573 -33.356781 19.832
 65    22.647 54493.09941425 15.77 299.868414 -33.365367 14.764
 65     8.937 54493.09941489 21.32 299.867474 -33.362097 14.764
 65     3.930 54493.09941554 24.89 299.866534 -33.358817 14.764
 67     9.806 54563.09942218 20.80 299.865372 -33.363611 10.597
 67     9.186 54563.09942282 23.12 299.864432 -33.360341 10.597
 67     3.649 54563.09942347 23.50 299.863502 -33.357061 10.597
 68     4.200 54598.09942006 24.28 299.867797 -33.360837 16.676
 68     4.444 54598.09942070 35.41 299.866857 -33.357567 16.676
 69     3.909 54633.09943165 33.68 299.868506 -33.367544 12.412
 69     3.648 54633.09943230 23.57 299.867576 -33.364274 12.412
 69     3.845 54633.09943294 23.66 299.866636 -33.360994 12.412
 69     4.093 54633.09943359 24.92 299.865696 -33.357724 12.412
 71    19.213 54703.09940330 17.91 299.867168 -33.363428 12.662
 71    18.611 54703.09940395 21.47 299.866228 -33.360158 12.662
 71     3.823 54703.09940459 29.81 299.865298 -33.356878 12.662
 74     4.427 54808.09939037 34.95 299.873271 -33.371819 14.556
 74     4.013 54808.09939101 32.70 299.872331 -33.368539 14.556
 74     3.875 54808.09939166 32.11 299.871391 -33.365269 14.556
 74     4.039 54808.09939230 31.70 299.870461 -33.361999 14.556
 75    22.304 54843.09938116 14.37 299.868427 -33.365611 10.237
 75    18.916 54843.09938180 17.37 299.867487 -33.362341 10.237
 75     3.908 54843.09938245 26.05 299.866547 -33.359061 10.237
 76    19.378 54878.09939462 18.05 299.869157 -33.366037  9.271
 76    19.124 54878.09939527 17.97 299.868217 -33.362757  9.271
 76     3.855 54878.09939591 28.10 299.867277 -33.359487  9.271
 77    10.242 54913.09938539 21.04 299.864095 -33.363391  9.319
 77    19.291 54913.09938604 19.27 299.863155 -33.360121  9.319
 77     4.114 54913.09938668 25.40 299.862225 -33.356841  9.319
 78    22.752 54948.09938708 13.00 299.868821 -33.365889  7.869
 78    19.119 54948.09938772 17.53 299.867891 -33.362619  7.869
 78     4.052 54948.09938837 22.84 299.866951 -33.359344 23.356
 79     2.848 54983.09941306 36.19 299.867523 -33.365514 11.721
 79    19.310 54983.09941371 19.16 299.866583 -33.362234 11.721
 79     4.002 54983.09941435 21.93 299.865643 -33.358964 11.721
 80     3.350 55018.09941003 36.67 299.870218 -33.368133 15.544
 80     3.093 55018.09941068 26.61 299.869288 -33.364863 15.544
 80     3.358 55018.09941132 23.85 299.868348 -33.361593 15.544
 80     3.561 55018.09941197 28.22 299.867408 -33.358313 15.544
 81     4.022 55053.09940578 25.66 299.869974 -33.367651 16.750
 81     3.604 55053.09940642 26.82 299.869044 -33.364381 16.750
 81     3.747 55053.09940707 28.74 299.868104 -33.361111 16.750
 81     4.055 55053.09940771 33.57 299.867164 -33.357831 16.750
 82     9.264 55088.09936898 23.90 299.864933 -33.365271  9.928
 82    19.220 55088.09936962 23.03 299.863993 -33.362001  9.928
 82     3.956 55088.09937026 26.54 299.863063 -33.358721  9.928
 82     4.165 55088.09937091 35.41 299.862123 -33.355451  9.928
 83     5.421 55123.09934030 31.60 299.874476 -33.373882 17.647
 83     5.953 55123.09934094 24.74 299.873536 -33.370612 17.647
 83     4.736 55123.09934159 24.07 299.872596 -33.367342 17.647
 83     4.506 55123.09934223 27.40 299.871666 -33.364072 17.647
 83     4.631 55123.09934288 33.02 299.870726 -33.360792 17.647
 84    22.962 55158.09932864 20.66 299.866570 -33.366477 11.065
 84    21.865 55158.09932929 22.62 299.865640 -33.363207 11.065
 84     5.290 55158.09932993 25.03 299.864700 -33.359937 11.065
 84     5.351 55158.09933057 29.51 299.863760 -33.356657 11.065
 85     6.095 55193.09933027 38.28 299.874051 -33.373941 16.692
 85     5.946 55193.09933091 33.69 299.873111 -33.370661 16.692
 85     5.838 55193.09933156 31.37 299.872171 -33.367391 16.692
 85     5.841 55193.09933220 30.21 299.871241 -33.364121 16.692
 85     6.170 55193.09933285 31.55 299.870301 -33.360841 16.692
 86     6.342 55228.09933072 35.50 299.866126 -33.366234 14.748
 86     9.767 55228.09933136 27.05 299.865186 -33.362954 14.748
 86     6.363 55228.09933201 28.07 299.864246 -33.359684 14.748
 86     6.511 55228.09933265 33.88 299.863316 -33.356414 14.748
 87     6.921 55263.09932540 23.90 299.872577 -33.372368 19.873
 87     6.876 55263.09932604 21.21 299.871637 -33.369088 19.873
 87     6.676 55263.09932669 21.77 299.870707 -33.365818 19.873
 87     6.816 55263.09932733 23.45 299.869767 -33.362548 19.873
 87     7.047 55263.09932798 27.24 299.868827 -33.359268 19.873
 88     5.760 55298.09931432 29.64 299.866911 -33.365890 13.020
 88     5.648 55298.09931496 30.49 299.865981 -33.362620 13.020
 88     5.527 55298.09931561 32.18 299.865041 -33.359350 13.020
 88     6.051 55298.09931625 37.11 299.864111 -33.356070 13.020
 89    19.124 55333.09930695 18.34 299.866567 -33.364251 11.730
 89     5.837 55333.09930760 20.20 299.865627 -33.360971 11.730
 89     5.873 55333.09930824 24.81 299.864697 -33.357701 11.730
 90     5.141 55368.09929761 37.09 299.869270 -33.367400 21.936
 90     4.989 55368.09929825 26.99 299.868340 -33.364130 21.936
 90     5.194 55368.09929890 26.36 299.867400 -33.360860 21.936
 90     5.396 55368.09929954 35.85 299.866460 -33.357580 21.936
 91     5.462 55403.09931183 32.18 299.873669 -33.371926 22.271
 91     5.485 55403.09931247 25.71 299.872729 -33.368646 22.271
 91     4.043 55403.09931312 24.89 299.871789 -33.365376 22.271
 91     4.065 55403.09931376 26.04 299.870859 -33.362106 22.271
 93     4.432 55473.09926481 37.71 299.865753 -33.363721 17.631
 93     3.596 55473.09926546 45.75 299.864813 -33.360451 17.631
 93     3.748 55473.09926610 50.65 299.863883 -33.357171 17.631
