#    0.000   0.000   0.000 ;Mean Elev.(m), Avg Gradient(m/km), RMS Gradient(m/km) - SRTM1     
#    0.000   0.000   0.000 ;Mean Elev.(m), Avg Gradient(m/km), RMS Gradient(m/km) - ASTER GDEM
#   24.586  -0.108   1.370 ;Mean Elev.(m), Avg Gradient(m/km), RMS Gradient(m/km) - GMTED2010 
  7 300.398256 -30.092483    24.812    24.794  9 52460.09609923 50.767
  9 300.397927 -30.091937    23.522    23.394 10 52530.09607615 25.300
 10 300.402264 -30.080802    24.999    24.980  7 52565.09609607 50.557
 11 300.390415 -30.103633    24.399    24.407 11 52600.09611864 27.092
 12 300.396243 -30.097107    25.720    25.712 11 52635.09607658 50.358
 13 300.394659 -30.099446    24.579    24.638 11 52670.09608590 28.607
 14 300.398947 -30.088002    25.982    25.995  9 52705.09607778 33.110
 15 300.393809 -30.099619    24.720    24.866 11 52740.09611054 25.356
 16 300.396399 -30.095443    24.356    24.352 11 52775.09605887 51.863
 17 300.395933 -30.096484    23.973    23.997 11 52810.09613305 26.509
 18 300.397205 -30.093895    23.635    23.587 10 52845.09618967 19.220
 19 300.394364 -30.097263    23.331    23.238 11 52880.09622660 27.779
 20 300.396789 -30.094318    23.879    23.871 10 52915.09618468 52.645
 21 300.401823 -30.084737    24.134    24.131  8 52950.09614581 43.373
 22 300.400269 -30.087812    23.925    23.884  9 52985.09616969 20.496
 23 300.396107 -30.095698    24.692    24.797 11 53020.09615912 29.800
 24 300.400375 -30.086405    23.785    23.710  8 53055.09614777 20.235
 25 300.387944 -30.106798    23.645    23.647 10 53090.09618127 35.365
 26 300.398426 -30.091397    23.872    23.789  9 53125.09615431 20.168
 27 300.391405 -30.100998    24.798    24.796 11 53160.09621359 50.823
 28 300.398017 -30.094237    24.052    24.032 10 53195.09621100 52.742
 29 300.398686 -30.090273    24.423    24.324 10 53230.09619973 30.886
 30 300.391238 -30.101017    23.352    23.351 11 53265.09616882 48.473
 31 300.390030 -30.103584    23.514    23.546 11 53300.09621595 41.482
 32 300.395558 -30.097289    25.744    25.736 11 53335.09618695 48.183
 33 300.395156 -30.099259    24.828    24.857 11 53370.09612585 30.949
 35 300.394052 -30.098754    24.146    24.144 11 53440.09614637 51.776
 36 300.393480 -30.098625    24.055    24.133 11 53475.09620929 24.550
 37 300.395706 -30.095902    24.020    24.121 10 53510.09622651 21.457
 38 300.392288 -30.103128    24.629    24.721 11 53545.09624198 38.983
 40 300.391506 -30.103801    23.030    22.905 11 53615.09617272 26.713
 41 300.398276 -30.092385    24.117    24.107 10 53650.09618466 51.097
 42 300.392048 -30.102291    25.234    25.292 11 53685.09619357 37.199
 43 300.396073 -30.096767    24.242    24.235 11 53720.09612092 52.096
 44 300.402260 -30.080665    24.428    24.419  7 53755.09604798 42.844
 45 300.398125 -30.091539    23.711    23.708 10 53790.09607579 21.593
 46 300.401824 -30.082333    25.022    25.070  8 53825.09603363 31.551
 47 300.394420 -30.098510    24.559    24.554 11 53860.09612452 48.493
 48 300.398104 -30.091912    24.376    24.344  9 53895.09614353 25.859
 49 300.388098 -30.105819    23.629    23.418 11 53930.09619527 26.427
 50 300.390054 -30.104868    23.424    23.283 11 53965.09617373 23.827
 51 300.401144 -30.086906    23.614    23.606  9 54000.09613280 20.882
 52 300.398631 -30.091755    24.388    24.402 10 54035.09617602 30.069
 53 300.396840 -30.094701    24.605    24.640 10 54070.09616915 34.871
 54 300.392814 -30.100684    24.706    24.898 11 54105.09612248 26.703
 55 300.396806 -30.094740    25.757    25.715 10 54140.09610136 30.550
 56 300.393927 -30.098717    26.025    26.126 11 54175.09610296 29.774
 57 300.396199 -30.096199    25.288    25.290 11 54210.09610702 47.114
 58 300.396041 -30.095876    25.464    25.460 11 54245.09613827 52.386
 59 300.396019 -30.095961    24.252    24.341 11 54280.09614998 28.704
 60 300.396482 -30.094627    24.052    24.228 10 54315.09614909 21.063
 61 300.394369 -30.098307    23.594    23.604 12 54350.09611712 38.824
 62 300.397572 -30.093811    23.758    23.756 10 54385.09608774 25.142
 63 300.394145 -30.098416    24.026    24.024 11 54420.09606663 43.882
 64 300.398711 -30.091703    24.295    24.282 10 54455.09605975 52.572
 65 300.396024 -30.096362    24.015    24.016 11 54490.09606727 30.043
 66 300.398002 -30.091822    24.364    24.358  9 54525.09607252 28.759
 67 300.394247 -30.098148    24.659    24.652 11 54560.09607584 49.094
 68 300.395719 -30.096870    24.772    24.822 11 54595.09606820 28.986
 69 300.394960 -30.096431    24.162    24.170 11 54630.09608233 39.590
 70 300.394544 -30.097519    23.938    24.083 11 54665.09608847 18.744
 71 300.395154 -30.097404    24.309    24.349 11 54700.09605917 27.054
 72 300.397351 -30.093717    23.747    23.736 11 54735.09604837 48.314
 73 300.396089 -30.096081    24.390    24.397 10 54770.09603925 30.167
 74 300.396927 -30.096082    24.179    24.228 10 54805.09604090 39.928
 75 300.396396 -30.096485    23.003    22.988 10 54840.09603434 48.510
 76 300.395941 -30.095255    23.526    23.583 11 54875.09604217 30.636
 77 300.392963 -30.100319    23.689    23.605 11 54910.09603895 18.112
 78 300.396132 -30.096634    23.521    23.514 11 54945.09603451 39.158
 79 300.394854 -30.098101    22.807    22.825 11 54980.09606136 25.804
 80 300.395389 -30.095852    23.766    23.792 11 55015.09606431 48.780
 81 300.396263 -30.094891    24.755    24.754 10 55050.09605843 41.957
 82 300.393464 -30.100450    24.013    24.021 12 55085.09602479 27.384
 83 300.398233 -30.092048    24.597    24.545  9 55120.09599166 27.057
 84 300.394227 -30.098514    25.498    25.708 12 55155.09598394 29.740
 85 300.396818 -30.094313    25.764    25.806 10 55190.09598070 28.048
 86 300.394800 -30.098163    26.516    26.536 11 55225.09598445 45.903
 87 300.396770 -30.094382    26.259    26.254 11 55260.09597592 44.073
 88 300.394387 -30.099450    25.891    25.888 11 55295.09596991 47.186
 89 300.394489 -30.099208    26.068    26.090 11 55330.09595772 45.302
 90 300.394995 -30.096727    25.009    25.010 11 55365.09595162 41.541
 91 300.396853 -30.092541    24.200    24.022 10 55400.09596350 29.831
 92 300.396710 -30.094921    24.173    24.188 10 55435.09596872 38.001
 93 300.393754 -30.098743    23.800    23.798 12 55470.09592184 42.840
