#    0.000   0.000   0.000 ;Mean Elev.(m), Avg Gradient(m/km), RMS Gradient(m/km) - SRTM1     
#    0.000   0.000   0.000 ;Mean Elev.(m), Avg Gradient(m/km), RMS Gradient(m/km) - ASTER GDEM
#    7.460  -3.730   7.740 ;Mean Elev.(m), Avg Gradient(m/km), RMS Gradient(m/km) - GMTED2010 
  7 299.337657 -32.091181    11.063    10.648 21 52466.57030070 22.967
  8 299.338918 -32.091727    10.313     9.608 20 52501.57029357 23.793
  9 299.338316 -32.067952    68.942    76.698 11 52536.57027545  4.132
 10 299.338505 -32.079972    11.350    11.519 16 52571.57031342 38.637
 11 299.337003 -32.107777    10.353    10.301  9 52606.57028162 34.044
 12 299.334570 -32.088508    11.262    11.297 23 52641.57027264 39.185
 13 299.338178 -32.103345    11.466    11.497 12 52676.57026386 35.770
 14 299.334446 -32.089524    11.148    11.185 23 52711.57028950 42.494
 15 299.329239 -32.098997    10.693    10.761 18 52746.57031836 30.379
 16 299.339907 -32.063402    68.030    74.871  9 52781.57024957  2.744
 17 299.327590 -32.104207     9.509     9.371 15 52816.57033797 30.508
 18 299.336787 -32.089490     9.819     9.811 21 52851.57038600 22.779
 19 299.332672 -32.095497     9.583     9.565 18 52886.57042163 19.109
 20 299.338304 -32.098961     9.227     9.236 14 52921.57037765 42.946
 21 299.335232 -32.109861     9.669     9.545  9 52956.57034480 20.738
 22 299.339257 -32.101994     9.459     9.312 13 52991.57036175 20.396
 23 299.344138 -32.107136    10.540    10.561  7 53026.57032859 44.469
 24 299.340820 -32.103597     9.501     9.728 11 53061.57033770 40.632
 25 299.341391 -32.067822    76.724    79.524  9 53096.57035707  2.790
 26 299.338766 -32.111920    10.367    10.590  5 53131.57033810 42.398
 28 299.335589 -32.095111     9.637     9.535 18 53201.57041204 25.643
 29 299.343151 -32.106809     9.874     9.855  8 53236.57038311 43.258
 30 299.336030 -32.088482     8.771     8.769 22 53271.57033831 24.921
 31 299.327094 -32.101506     8.862     8.811 17 53306.57040533 29.349
 32 299.339083 -32.091243    10.493    10.542 21 53341.57037056 35.179
 33 299.339875 -32.107268    10.765    10.632  9 53376.57030557 43.816
 34 299.336920 -32.106675    11.493    11.168  9 53411.57034874 42.954
 35 299.339784 -32.065332    65.634    77.935  7 53446.57032348  5.188
 36 299.326886 -32.100351     9.773     9.859 17 53481.57041548 30.648
 37 299.343180 -32.076887    65.151    74.752  4 53516.57041375  4.452
 38 299.332174 -32.093062    10.228    10.219 20 53551.57043796 45.941
 39 299.339856 -32.102492     9.377     9.151 12 53586.57039505 44.059
 40 299.323638 -32.103899     8.649     8.620 16 53621.57035897 22.863
 41 299.334761 -32.089791     9.342     9.405 22 53656.57038446 22.368
 42 299.337722 -32.090217    10.448    10.433 22 53691.57037210 37.641
 43 299.338593 -32.114642    46.600    44.530  3 53726.57030034  4.298
 44 299.339349 -32.102217     9.722     9.736 13 53761.57024920 32.041
 45 299.340879 -32.104043     9.307     9.175 11 53796.57026326 44.122
 47 299.334230 -32.089887     9.792     9.862 23 53866.57031840 38.997
 48 299.340830 -32.077281    72.387    80.926  4 53901.57034464  0.480
 49 299.323334 -32.106742     8.966     8.895 14 53936.57039028 26.760
 50 299.336672 -32.088729     8.956     8.951 22 53971.57035271 28.760
 51 299.337058 -32.088979     8.939     8.943 22 54006.57033464 24.344
 52 299.338410 -32.098202     9.415     9.357 15 54041.57036395 30.783
 53 299.340818 -32.089136    10.921    11.328  8 54076.57035618 33.339
 54 299.338653 -32.104388    10.337    10.134 11 54111.57029971 29.824
 55 299.336415 -32.089950    11.020    10.984 22 54146.57029787 31.854
 56 299.339214 -32.100066    11.969    12.023 13 54181.57028639 42.857
 57 299.331275 -32.106265    10.904    10.832 12 54216.57030866 31.004
 58 299.337266 -32.089741    10.802    10.842 21 54251.57033188 38.054
 59 299.338468 -32.098366    10.028    10.026 15 54286.57033972 47.099
 60 299.339229 -32.094321    10.140     9.977 18 54321.57033564 33.129
 61 299.340091 -32.102626    82.884    83.398 12 54356.57029713  4.506
 62 299.335830 -32.102079     9.212     9.096 13 54391.57027806 41.578
 63 299.338231 -32.100601     9.717     9.376 14 54426.57024718 20.945
 64 299.337491 -32.091110     9.395     9.383 21 54461.57025299 42.080
 65 299.338607 -32.100974     9.840     9.782 14 54496.57025454 34.029
 66 299.339383 -32.091021     9.346     9.324 20 54531.57026586 18.744
 67 299.339704 -32.101736     9.838     9.749 13 54566.57025954 40.610
 68 299.337502 -32.091512    10.685    10.576 18 54601.57026137 28.302
 69 299.337457 -32.090979     9.300     9.301 21 54636.57027323 32.620
 70 299.345348 -32.066078    82.753    83.489  5 54671.57027157  1.293
 71 299.339648 -32.101715     9.801     9.571 12 54706.57023900 19.594
 72 299.342087 -32.074108    83.855    84.603  4 54741.57023822  0.754
 73 299.336408 -32.109781     9.808     9.861  8 54776.57022223 21.114
 74 299.336700 -32.088605     9.568     9.549 22 54811.57023391 24.013
 75 299.335807 -32.108078     8.598     8.469 10 54846.57022188 28.902
 76 299.336262 -32.090648     8.769     8.771 22 54881.57023831 33.666
 77 299.339987 -32.091208     9.188     9.214 20 54916.57022120 38.453
 78 299.337104 -32.089411     8.436     8.497 22 54951.57023054 33.624
 79 299.341937 -32.067780    69.556    78.361  8 54986.57025153  3.124
 80 299.338684 -32.099061     8.769     8.709 14 55021.57025010 24.466
 81 299.338466 -32.098050     9.586     9.622 15 55056.57024630 35.751
 82 299.341455 -32.089851    81.363    86.080  9 55091.57020252  3.087
 83 299.338199 -32.091172    10.185    10.215 21 55126.57018496 35.365
 84 299.339478 -32.092241    11.176    11.249 20 55161.57016404 32.288
 85 299.331214 -32.108102    11.859    11.751 11 55196.57017889 32.413
 86 299.339431 -32.094676    79.128    83.448 13 55231.57016852  3.864
 87 299.338551 -32.090905    12.003    11.972 20 55266.57017009 38.624
 88 299.343062 -32.091456    77.959    81.852  6 55301.57014785  2.245
 89 299.339038 -32.090450    11.191    11.180 20 55336.57014541 34.878
 91 299.338879 -32.091259     9.689     9.690 21 55406.57015456 28.338
 92 299.339376 -32.095596    84.071    84.127 12 55441.57015524  3.767
 93 299.344516 -32.087738    87.164    87.164  2 55476.57009621  0.279
