#    0.000   0.000   0.000 ;Mean Elev.(m), Avg Gradient(m/km), RMS Gradient(m/km) - SRTM1     
#    0.000   0.000   0.000 ;Mean Elev.(m), Avg Gradient(m/km), RMS Gradient(m/km) - ASTER GDEM
#  259.328  -6.649  13.700 ;Mean Elev.(m), Avg Gradient(m/km), RMS Gradient(m/km) - GMTED2010 
  6   258.487 52439.06993957 23.17 308.155672 -21.135774  6.068
  6   257.493 52439.06994021 18.20 308.154878 -21.132480 10.142
  6   256.985 52439.06994086 17.11 308.154078 -21.129190 10.142
  7   257.723 52474.06993828 31.73 308.160449 -21.136647 11.920
  7   257.547 52474.06993892 23.45 308.159649 -21.133347 11.920
  7   257.426 52474.06993957 21.64 308.158849 -21.130057 11.920
  7   257.666 52474.06994021 23.93 308.158049 -21.126767 11.920
  8   257.795 52509.06990340 48.37 308.165942 -21.135364 17.193
  8   257.828 52509.06990404 54.31 308.165142 -21.132074 17.193
  8   257.783 52509.06990469 52.10 308.164342 -21.128774 17.193
  8   257.724 52509.06990533 53.53 308.163542 -21.125484 17.193
  9   258.007 52544.06989914 45.83 308.172052 -21.132587 19.381
  9   257.744 52544.06989978 30.01 308.171252 -21.129297 19.381
 11   257.671 52614.06990730 19.12 308.159968 -21.134357  6.895
 11   257.395 52614.06990794 17.61 308.159168 -21.131067  6.895
 11   257.541 52614.06990859 16.75 308.158370 -21.127771 11.881
 12   260.765 52649.06988814 43.89 308.168243 -21.133077 12.761
 12   261.524 52649.06988879 39.58 308.167443 -21.129787 12.761
 12   259.050 52649.06988943 41.62 308.166643 -21.126497 12.761
 12   259.256 52649.06989008 46.32 308.165847 -21.123202 15.473
 13   257.749 52684.06986823 20.81 308.169100 -21.131911 15.860
 13   257.584 52684.06986888 23.68 308.168300 -21.128621 15.860
 13   257.543 52684.06987017 24.81 308.166700 -21.122041 15.860
 14   258.193 52719.06992248 44.08 308.163198 -21.134889  7.522
 14   257.974 52719.06992312 49.37 308.162402 -21.131593 10.692
 14   257.947 52719.06992377 52.05 308.161602 -21.128303 10.692
 14   257.897 52719.06992441 49.19 308.160802 -21.125013 10.692
 16   257.995 52789.06989420 47.19 308.166717 -21.134235  6.509
 16   258.129 52789.06989485 40.78 308.165914 -21.130943 13.377
 16   257.787 52789.06989549 43.01 308.165114 -21.127653 13.377
 16   257.868 52789.06989614 51.30 308.164314 -21.124363 13.377
 17   258.084 52824.06996511 52.04 308.167291 -21.132521  8.388
 17   258.027 52824.06996575 48.90 308.166491 -21.129228 14.087
 17   257.906 52824.06996704 49.79 308.164891 -21.122648 14.087
 18   258.213 52859.07001154 50.35 308.168956 -21.131493 10.491
 18   258.020 52859.07001218 54.45 308.168157 -21.128200 22.578
 18   258.055 52859.07001347 50.40 308.166557 -21.121620 22.578
 19   258.006 52894.07004203 48.94 308.161968 -21.136062 10.066
 19   259.029 52894.07004268 45.01 308.161168 -21.132772 10.066
 19   258.087 52894.07004332 33.95 308.160368 -21.129482 10.066
 19   258.007 52894.07004396 40.52 308.159575 -21.126188  9.627
 20   258.114 52929.06999201 47.84 308.159926 -21.136787 10.491
 20   258.751 52929.06999265 52.10 308.159126 -21.133497 10.491
 20   258.230 52929.06999330 51.32 308.158326 -21.130207 10.491
 20   258.363 52929.06999394 50.45 308.157526 -21.126917 10.491
 21   257.912 52964.06997633 48.27 308.171316 -21.133403 26.584
 21   257.901 52964.06997697 55.45 308.170516 -21.130113 26.584
 21   257.880 52964.06997762 51.92 308.169716 -21.126823 26.584
 21   257.914 52964.06997891 46.54 308.168126 -21.120233 26.584
 22   257.067 52999.07001275 42.79 308.159228 -21.134897 20.495
 22   257.754 52999.07001339 48.26 308.158428 -21.131607 20.495
 22   257.548 52999.07001404 45.87 308.157628 -21.128317 20.495
 23   258.544 53034.06996525 24.17 308.160423 -21.135176  4.554
 23   257.545 53034.06996590 18.19 308.159623 -21.131886  4.554
 23   257.744 53034.06996654 21.58 308.158827 -21.128590  9.475
 23   257.995 53034.06996719 33.95 308.158027 -21.125300  9.475
 24   257.620 53069.06998093 45.06 308.166510 -21.134125 17.176
 24   258.785 53069.06998157 29.90 308.165710 -21.130835 17.176
 24   258.169 53069.06998222 41.42 308.164910 -21.127545 17.176
 24   258.157 53069.06998286 46.38 308.164110 -21.124255 17.176
 25   258.008 53104.06996701 50.88 308.158820 -21.133931 12.264
 25   257.946 53104.06996766 48.58 308.158030 -21.130641 12.264
 25   257.938 53104.06996830 48.64 308.157226 -21.127346 10.875
 27   259.679 53174.07002536 43.13 308.164209 -21.134734  9.858
 27   260.427 53174.07002601 47.04 308.163409 -21.131444  9.858
 27   260.297 53174.07002665 46.03 308.162613 -21.128149  7.724
 27   258.978 53174.07002729 43.77 308.161813 -21.124859  7.724
 29   257.501 53244.07000973 23.93 308.165307 -21.132482  3.401
 29   257.441 53244.07001037 27.19 308.164507 -21.129188 10.032
 29   257.720 53244.07001102 36.10 308.163717 -21.125898 10.032
 30   257.949 53279.06998853 47.03 308.166036 -21.133070 15.601
 30   257.675 53279.06998918 30.13 308.165236 -21.129780 15.601
 30   257.985 53279.06998982 35.68 308.164436 -21.126490 15.601
 30   257.896 53279.06999047 28.73 308.163636 -21.123190 15.601
 31   258.964 53314.07001308 20.48 308.163901 -21.133410  5.430
 31   258.412 53314.07001373 16.51 308.163101 -21.130120  5.430
 34   258.175 53419.06995858 47.56 308.172795 -21.132702 13.770
 34   258.005 53419.06995923 52.91 308.171995 -21.129412 13.770
 34   258.008 53419.06996116 51.96 308.169603 -21.119537 19.100
 35   258.360 53454.06996419 49.58 308.170285 -21.133626  6.756
 35   258.435 53454.06996483 52.29 308.169481 -21.130333 15.486
 35   258.475 53454.06996548 50.98 308.168681 -21.127043 15.486
 36   258.430 53489.07004944 45.52 308.157663 -21.135207  8.800
 36   258.325 53489.07005009 40.24 308.156868 -21.131914 13.240
 36   257.681 53489.07005073 36.88 308.156068 -21.128624 13.240
 37   257.902 53524.07003709 48.30 308.167761 -21.134050 10.004
 37   257.956 53524.07003774 50.51 308.166961 -21.130760 10.004
 37   257.974 53524.07003838 47.76 308.166167 -21.127466  9.727
 37   257.969 53524.07003903 50.00 308.165367 -21.124176  9.727
 38   258.203 53559.07006390 33.80 308.156925 -21.134091  9.634
 38   257.628 53559.07006455 33.31 308.156133 -21.130795 13.696
 38   257.350 53559.07006519 31.89 308.155333 -21.127505 13.696
 39   258.085 53594.07000108 49.68 308.169309 -21.132642  6.522
 39   257.904 53594.07000173 50.74 308.168511 -21.129347 15.920
 39   258.077 53594.07000302 51.57 308.166921 -21.122767 15.920
 40   258.556 53629.06999296 42.11 308.162301 -21.136263  7.052
 40   257.614 53629.06999361 19.44 308.161496 -21.132970 13.522
 40   257.481 53629.06999425 17.82 308.160696 -21.129680 13.522
 40   257.475 53629.06999490 36.89 308.159896 -21.126390 13.522
 41   258.009 53664.07001742 35.48 308.161820 -21.134290  7.437
 41   257.639 53664.07001807 32.78 308.161024 -21.130995 11.828
 41   257.558 53664.07001871 33.68 308.160224 -21.127705 11.828
 43   258.135 53734.06989841 48.66 308.166974 -21.134057 15.194
 43   258.134 53734.06989906 52.55 308.166174 -21.130767 15.194
 43   257.977 53734.06989970 50.66 308.165374 -21.127477 15.194
 43   257.972 53734.06990035 51.68 308.164584 -21.124187 15.194
 44   258.229 53769.06988188 49.81 308.170997 -21.131893 16.952
 44   258.058 53769.06988252 55.03 308.170197 -21.128593 16.952
 44   258.135 53769.06988381 50.41 308.168597 -21.122013 16.952
 45   258.435 53804.06987798 21.00 308.166799 -21.132027  8.884
 45   258.297 53804.06987863 23.16 308.165999 -21.128737  8.884
 45   258.525 53804.06987927 23.80 308.165202 -21.125441 10.760
 45   258.062 53804.06987992 24.37 308.164402 -21.122151 10.760
 46   259.116 53839.06989683 46.19 308.165981 -21.134231 13.883
 46   258.771 53839.06989747 48.84 308.165181 -21.130941 13.883
 46   258.739 53839.06989812 50.57 308.164381 -21.127651 13.883
 46   258.720 53839.06989876 52.17 308.163581 -21.124361 13.883
 47   257.927 53874.06994337 49.97 308.166720 -21.134849 10.795
 47   257.897 53874.06994401 54.33 308.165920 -21.131559 10.795
 47   258.067 53874.06994465 49.37 308.165125 -21.128265 11.650
 47   257.934 53874.06994530 49.46 308.164325 -21.124975 11.650
 48   258.383 53909.06998773 45.81 308.160793 -21.135585 13.305
 48   258.195 53909.06998837 48.32 308.159993 -21.132285 13.305
 48   258.101 53909.06998902 47.06 308.159193 -21.128995 13.305
 48   258.245 53909.06998966 47.31 308.158393 -21.125705 13.305
 49   258.031 53944.07001129 46.16 308.155181 -21.134618 14.222
 49   257.953 53944.07001194 51.78 308.154381 -21.131328 14.222
 49   257.891 53944.07001258 52.96 308.153581 -21.128028 14.222
 50   258.535 53979.06996010 37.02 308.161547 -21.136296 12.074
 50   257.846 53979.06996074 24.38 308.160757 -21.133006 12.074
 50   257.578 53979.06996139 16.94 308.159957 -21.129716 12.074
 50   257.879 53979.06996203 21.07 308.159157 -21.126426 12.074
 52   258.088 54049.06998016 24.89 308.171348 -21.130516 15.750
 52   257.976 54049.06998080 33.49 308.170548 -21.127216 15.750
 52   257.928 54049.06998209 27.52 308.168948 -21.120636 15.750
 55   259.563 54154.06992744 49.15 308.164204 -21.135651 18.524
 55   259.635 54154.06992808 53.70 308.163414 -21.132351 18.524
 55   259.667 54154.06992872 52.34 308.162614 -21.129061 18.524
 55   259.564 54154.06992937 52.48 308.161814 -21.125771 18.524
 56   258.119 54189.06989582 52.46 308.163209 -21.134820 24.018
 56   257.982 54189.06989646 52.85 308.162409 -21.131530 24.018
 56   257.910 54189.06989711 52.11 308.161609 -21.128240 24.018
 56   258.134 54189.06989775 51.37 308.160809 -21.124950 24.018
 57   258.011 54224.06993767 50.07 308.164725 -21.134604 20.478
 57   258.079 54224.06993832 49.10 308.163925 -21.131304 20.478
 57   257.949 54224.06993896 46.62 308.163125 -21.128014 20.478
 57   258.064 54224.06993961 45.89 308.162335 -21.124724 20.478
 58   257.872 54259.06995969 47.72 308.164900 -21.133610 21.079
 58   257.743 54259.06996033 51.54 308.164100 -21.130320 21.079
 58   257.802 54259.06996098 51.77 308.163300 -21.127030 21.079
 58   257.727 54259.06996162 48.81 308.162510 -21.123740 21.079
 59   258.033 54294.06996239 44.78 308.166160 -21.134811 20.825
 59   258.120 54294.06996303 53.58 308.165360 -21.131511 20.825
 59   258.018 54294.06996367 51.71 308.164560 -21.128221 20.825
 59   257.895 54294.06996432 52.80 308.163770 -21.124931 20.825
 60   258.082 54329.06995625 44.48 308.166369 -21.134793 19.039
 60   257.837 54329.06995689 54.03 308.165569 -21.131503 19.039
 60   258.006 54329.06995754 52.77 308.164769 -21.128213 19.039
 60   258.037 54329.06995818 52.38 308.163969 -21.124913 19.039
 61   258.990 54364.06990333 51.70 308.162707 -21.134095 17.362
 61   257.888 54364.06990398 51.96 308.161907 -21.130805 17.362
 61   258.055 54364.06990462 48.33 308.161107 -21.127505 17.362
 63   257.830 54434.06985420 42.34 308.164956 -21.135838 16.933
 63   257.489 54434.06985484 51.50 308.164156 -21.132548 16.933
 63   257.948 54434.06985549 52.66 308.163366 -21.129258 16.933
 63   257.828 54434.06985613 53.00 308.162566 -21.125968 16.933
 65   261.181 54504.06986994 48.14 308.164016 -21.132969 12.762
 65   258.025 54504.06987123 52.07 308.162418 -21.126383 12.748
 67   258.918 54574.06987028 50.41 308.164476 -21.134729 10.005
 67   258.891 54574.06987093 52.04 308.163679 -21.131435 16.307
 67   258.719 54574.06987157 45.88 308.162879 -21.128145 16.307
 67   258.723 54574.06987222 48.59 308.162089 -21.124855 16.307
 68   258.782 54609.06988857 51.67 308.164959 -21.133613 17.864
 68   258.426 54609.06988922 53.40 308.164159 -21.130323 17.864
 68   258.262 54609.06988986 47.69 308.163359 -21.127033 17.864
 68   258.314 54609.06989051 46.51 308.162559 -21.123733 17.864
 69   258.228 54644.06989582 47.26 308.164686 -21.135500 19.606
 69   258.230 54644.06989647 51.60 308.163886 -21.132210 19.606
 69   258.164 54644.06989711 50.11 308.163086 -21.128920 19.606
 69   258.172 54644.06989776 51.35 308.162286 -21.125630 19.606
 70   258.801 54679.06989762 26.70 308.164151 -21.134459 12.260
 70   257.803 54679.06989826 24.93 308.163351 -21.131169 12.260
 70   258.084 54679.06989891 28.51 308.162551 -21.127879 12.260
 70   257.992 54679.06989955 41.99 308.161751 -21.124589 12.260
 71   257.845 54714.06984959 41.49 308.164779 -21.135505  7.052
 71   257.896 54714.06985024 43.78 308.163983 -21.132210 11.341
 71   258.899 54714.06985088 44.80 308.163183 -21.128920 11.341
 71   258.978 54714.06985153 38.31 308.162393 -21.125630 11.341
 76   258.641 54889.06986449 38.49 308.163511 -21.133839 16.149
 76   258.629 54889.06986514 49.59 308.162711 -21.130549 16.149
 76   258.787 54889.06986578 52.21 308.161911 -21.127259 16.149
 77   258.496 54924.06983350 54.47 308.161088 -21.133770  9.596
 77   258.539 54924.06983415 52.19 308.160293 -21.130476 14.398
 77   258.477 54924.06983479 52.16 308.159493 -21.127186 14.398
 78   260.573 54959.06986208 42.58 308.164924 -21.135396 21.132
 78   262.831 54959.06986273 42.38 308.164124 -21.132106 21.132
 78   263.568 54959.06986337 39.32 308.163324 -21.128816 21.132
 78   259.887 54959.06986402 34.82 308.162524 -21.125516 21.132
 81   259.226 55064.06986596 20.96 308.165274 -21.134323  7.927
 81   259.345 55064.06986660 15.86 308.164474 -21.131033  7.927
 81   259.757 55064.06986724 15.57 308.163674 -21.127743  7.927
 81   259.349 55064.06986789 27.66 308.162874 -21.124453  7.927
 83   258.044 55134.06981012 41.42 308.165329 -21.132650 17.177
 83   257.812 55134.06981077 34.61 308.164529 -21.129360 17.177
 83   258.034 55134.06981141 40.20 308.163729 -21.126070 17.177
 85   259.611 55204.06980322 38.89 308.165239 -21.133648 17.961
 85   259.102 55204.06980386 29.84 308.164439 -21.130358 17.961
 85   259.167 55204.06980451 41.42 308.163639 -21.127068 17.961
 85   259.448 55204.06980515 48.06 308.162839 -21.123778 17.961
 87   259.761 55274.06979615 44.74 308.164672 -21.135004 15.736
 87   260.213 55274.06979679 44.78 308.163872 -21.131714 15.736
 87   260.481 55274.06979744 43.02 308.163072 -21.128424 15.736
 88   258.068 55309.06976508 51.01 308.163610 -21.133615 17.635
 88   258.049 55309.06976572 53.30 308.162814 -21.130321 15.476
 88   258.076 55309.06976637 52.58 308.162014 -21.127031 15.476
 89   258.149 55344.06976514 43.41 308.166597 -21.135234 21.009
 89   257.762 55344.06976579 38.03 308.165797 -21.131944 21.009
 89   257.671 55344.06976643 25.78 308.164997 -21.128654 21.009
 89   257.891 55344.06976708 48.18 308.164197 -21.125364 21.009
 90   258.194 55379.06975951 51.45 308.164715 -21.134794 21.806
 90   258.125 55379.06976015 52.88 308.163915 -21.131504 21.806
 90   258.140 55379.06976080 49.99 308.163115 -21.128214 21.806
 90   257.823 55379.06976144 50.66 308.162315 -21.124924 21.806
 91   257.798 55414.06978518 18.47 308.166093 -21.132353  9.763
 91   257.908 55414.06978582 17.76 308.165293 -21.129063  9.763
 91   257.853 55414.06978647 20.63 308.164493 -21.125773  9.763
 92   258.329 55449.06977312 45.49 308.165193 -21.133990 21.518
 92   257.854 55449.06977376 52.56 308.164393 -21.130700 21.518
 92   258.334 55449.06977441 49.97 308.163593 -21.127410 21.518
 92   258.070 55449.06977505 48.57 308.162793 -21.124120 21.518
 93   257.079 55484.06969894 26.69 308.164089 -21.135765  6.584
 93   259.261 55484.06969959 15.90 308.163299 -21.132475  6.584
