#    0.000   0.000   0.000 ;Mean Elev.(m), Avg Gradient(m/km), RMS Gradient(m/km) - SRTM1     
#    0.000   0.000   0.000 ;Mean Elev.(m), Avg Gradient(m/km), RMS Gradient(m/km) - ASTER GDEM
#   44.065  -1.210   2.251 ;Mean Elev.(m), Avg Gradient(m/km), RMS Gradient(m/km) - GMTED2010 
 10 301.172885 -27.605375    44.292    44.249  7 52562.09260778 27.976
 12 301.172309 -27.607299    50.536    51.112  8 52632.09256476 22.991
 13 301.168724 -27.609096    44.641    44.672 10 52667.09258464 34.221
 15 301.171200 -27.607464    44.559    44.601  9 52737.09259752 24.009
 16 301.170103 -27.609416    43.437    43.485  9 52772.09256579 25.513
 17 301.171310 -27.609497    43.697    43.708  9 52807.09262070 22.649
 18 301.172810 -27.608218    43.434    43.440  8 52842.09267978 21.952
 19 301.170467 -27.608930    43.693    43.702  9 52877.09271815 51.470
 23 301.168578 -27.610095    44.674    44.653 10 53017.09266587 26.595
 25 301.163873 -27.621244    43.719    43.718 17 53087.09267982 36.984
 26 301.171797 -27.609821    44.014    44.060  9 53122.09265190 22.537
 27 301.167345 -27.617251    44.693    44.686 14 53157.09270695 20.912
 28 301.174054 -27.604637    44.386    44.232  3 53192.09270175 31.564
 29 301.172398 -27.605457    44.529    44.584  8 53227.09270266 33.402
 30 301.166917 -27.617857    43.369    43.364 14 53262.09267382 38.791
 31 301.165735 -27.618927    43.528    43.584 15 53297.09270951 31.895
 32 301.170960 -27.608882    45.743    45.728  9 53332.09268317 29.783
 33 301.170491 -27.607973    45.117    45.124  9 53367.09262879 52.007
 35 301.170080 -27.608501    43.918    43.886 10 53437.09264574 22.674
 36 301.169039 -27.609353    44.465    44.454 10 53472.09269790 19.233
 37 301.168308 -27.610346    43.709    43.642 11 53507.09272856 23.654
 38 301.168554 -27.615152    44.714    44.719 14 53542.09273470 22.171
 39 301.168987 -27.617077    43.870    43.872 14 53577.09272145 51.601
 40 301.167402 -27.617509    43.114    43.137 14 53612.09267342 23.649
 41 301.172951 -27.604394    44.013    44.059  7 53647.09268062 19.710
 42 301.166413 -27.616847    46.063    46.101 15 53682.09269401 27.069
 43 301.171449 -27.607617    44.224    44.220  9 53717.09262306 21.294
 45 301.172699 -27.604044    43.956    43.972  7 53787.09257314 22.842
 46 301.169784 -27.609832    45.191    45.119 10 53822.09252674 23.679
 47 301.168300 -27.610102    44.214    44.210 11 53857.09261792 20.077
 49 301.163644 -27.620586    43.580    43.576 17 53927.09268995 32.354
 50 301.164526 -27.617837    43.499    43.534 16 53962.09267490 26.761
 52 301.173442 -27.603290    44.693    44.676  4 54032.09267275 49.713
 53 301.172149 -27.608200    44.698    44.745  8 54067.09266522 21.108
 54 301.168334 -27.610292    45.269    45.297 10 54102.09262546 25.278
 55 301.171886 -27.607440    47.213    47.245  9 54137.09259373 40.780
 56 301.168575 -27.610786    46.591    46.513 11 54172.09260269 29.574
 57 301.171403 -27.607850    45.086    45.144  9 54207.09259846 29.085
 58 301.170832 -27.607478    45.742    45.835  9 54242.09263168 38.648
 59 301.171263 -27.610029    44.379    44.333  9 54277.09264574 22.695
 60 301.171989 -27.609380    44.187    44.180  9 54312.09264609 45.795
 61 301.169599 -27.611447    43.332    43.258 10 54347.09261845 22.702
 62 301.172330 -27.606434    43.621    43.570  8 54382.09258370 25.246
 63 301.169328 -27.609422    43.514    43.537 10 54417.09256784 25.978
 64 301.172827 -27.606498    44.237    44.252  8 54452.09255281 23.390
 65 301.172284 -27.609105    44.235    44.300  9 54487.09256501 23.628
 66 301.172991 -27.606613    44.160    44.118  7 54522.09256591 21.911
 67 301.169583 -27.611294    44.986    44.987 10 54557.09257484 51.386
 68 301.170589 -27.608467    45.335    45.359  9 54592.09256227 29.615
 69 301.170073 -27.609559    44.066    44.031 10 54627.09257757 24.778
 70 301.169395 -27.610504    43.690    43.626 10 54662.09258476 22.554
 71 301.170502 -27.610282    44.828    44.821 10 54697.09256053 23.669
 72 301.172210 -27.608170    43.806    43.823  9 54732.09254200 22.904
 73 301.171290 -27.609495    44.506    44.540  9 54767.09253944 26.790
 74 301.171916 -27.609154    44.521    44.444  9 54802.09253480 22.091
 75 301.170793 -27.609240    42.862    42.861 10 54837.09253231 40.490
 76 301.172110 -27.607784    43.999    43.992  8 54872.09253430 53.654
 77 301.168909 -27.617336    43.860    43.853 14 54907.09253788 31.112
 78 301.171479 -27.609550    43.391    43.421  9 54942.09252666 20.735
 79 301.170185 -27.610872    43.280    43.269 10 54977.09255479 45.819
 80 301.169848 -27.609783    43.874    43.876 10 55012.09256279 49.312
 81 301.171321 -27.608039    44.642    44.596  9 55047.09255502 25.372
 82 301.168561 -27.609932    44.091    44.044 11 55082.09252708 20.177
 83 301.172771 -27.607403    45.053    44.961  8 55117.09248707 29.510
 84 301.169671 -27.610170    45.681    45.721 10 55152.09248408 28.704
 85 301.171640 -27.607893    47.225    47.221  9 55187.09247377 52.289
 86 301.169767 -27.610164    47.265    47.209 10 55222.09248321 32.877
 87 301.172369 -27.607345    46.615    46.608  8 55257.09246936 30.574
 88 301.168577 -27.611226    46.011    46.035 11 55292.09247082 30.604
 89 301.168756 -27.609083    45.742    45.750 10 55327.09245441 29.254
 90 301.169782 -27.610659    44.842    44.838 10 55362.09244990 34.065
 91 301.172178 -27.609337    49.083    49.190  9 55397.09245716 25.263
 92 301.172496 -27.608891    44.412    44.412  9 55432.09246536 52.927
 93 301.169428 -27.610859    44.152    44.173 10 55467.09242452 34.199
