#    0.000   0.000   0.000 ;Mean Elev.(m), Avg Gradient(m/km), RMS Gradient(m/km) - SRTM1     
#    0.000   0.000   0.000 ;Mean Elev.(m), Avg Gradient(m/km), RMS Gradient(m/km) - ASTER GDEM
#    8.075  -0.061   3.469 ;Mean Elev.(m), Avg Gradient(m/km), RMS Gradient(m/km) - GMTED2010 
  7 299.304601 -32.209097     9.915     9.784 11 52466.57032391 36.010
  8 299.305870 -32.209646     9.264     9.188 10 52501.57031678 34.133
  9 299.296972 -32.215349     9.809     9.475  5 52536.57030446 17.793
 10 299.303153 -32.206081     9.645     9.692 11 52571.57033824 33.345
 11 299.308079 -32.210959     9.440     9.441 10 52606.57030192 23.416
 12 299.301965 -32.204787    10.660    10.729 12 52641.57029553 33.697
 13 299.307878 -32.211435     9.941     9.881 10 52676.57028513 34.289
 14 299.301841 -32.205801    10.622    10.660 12 52711.57031238 37.691
 15 299.299862 -32.203814    10.296    10.265 12 52746.57033899 33.568
 16 299.297190 -32.215706     9.898     9.861  4 52781.57027954 22.949
 17 299.300030 -32.202467     9.290     9.141 13 52816.57035731 20.725
 18 299.303722 -32.207405     8.530     8.401 11 52851.57040921 29.956
 19 299.301912 -32.205226     8.436     8.425 11 52886.57044323 23.680
 20 299.307091 -32.210328     8.513     8.502 10 52921.57039957 39.744
 21 299.306752 -32.211401     8.440     8.470 11 52956.57036478 23.518
 22 299.308489 -32.211723     8.525     8.558 10 52991.57038335 24.309
 23 299.313379 -32.216868     9.586     9.669 10 53026.57035019 43.262
 24 299.310051 -32.213322     8.586     8.416 10 53061.57035930 44.853
 25 299.299858 -32.216041     9.114     9.004  4 53096.57038624 20.099
 26 299.309827 -32.215094     8.791     8.780 10 53131.57035840 33.290
 28 299.303905 -32.208113     8.682     8.779 11 53201.57043428 28.703
 29 299.312853 -32.214901     8.925     8.994 10 53236.57040438 34.304
 30 299.302952 -32.206395     8.185     8.224 12 53271.57036152 21.796
 31 299.299081 -32.201408     8.257     8.285 12 53306.57042499 17.208
 32 299.306033 -32.209160     9.887     9.951 11 53341.57039377 28.434
 33 299.310042 -32.213724     9.544     9.503 10 53376.57032652 33.394
 34 299.307530 -32.211490     9.761     9.788 11 53411.57036937 40.691
 35 299.297981 -32.214361     9.670     9.633  6 53446.57035281 26.336
 36 299.298413 -32.201891     9.379     9.289 13 53481.57043547 23.081
 37 299.304161 -32.216096     9.491     9.165  7 53516.57044115 29.264
 38 299.300957 -32.204426     9.596     9.605 12 53551.57045988 44.196
 39 299.308638 -32.213860     8.712     8.597 10 53586.57041697 37.280
 40 299.296991 -32.198883     8.396     8.354 14 53621.57037767 19.015
 41 299.302615 -32.204432     8.818     8.796 12 53656.57040703 23.183
 42 299.304670 -32.208135     9.853     9.839 12 53691.57039530 34.062
 43 299.310593 -32.214547    10.396    10.102 10 53726.57032000 28.522
 44 299.308571 -32.211943     8.999     8.975 10 53761.57027080 30.360
 45 299.310122 -32.213773     8.401     8.187 10 53796.57028486 35.966
 47 299.302084 -32.204530     9.075     9.020 11 53866.57034097 40.743
 48 299.302494 -32.214031    12.452    10.304  7 53901.57037156 24.632
 49 299.297162 -32.200091     8.403     8.380 13 53936.57040866 16.907
 50 299.303625 -32.206647     8.203     8.188 12 53971.57037592 26.999
 51 299.303986 -32.206894     8.224     8.226 12 54006.57035784 24.889
 52 299.306720 -32.211203     8.685     8.757 10 54041.57038620 31.165
 53 299.306850 -32.210333     9.074     9.095 10 54076.57038003 35.375
 54 299.308366 -32.212483     9.310     9.340 11 54111.57032098 26.463
 55 299.303810 -32.206228    10.216    10.371 11 54146.57032076 29.112
 56 299.308007 -32.211436    11.282    11.293 11 54181.57030831 43.266
 57 299.303259 -32.206167    10.356    10.377 11 54216.57032832 35.707
 58 299.304207 -32.207656    10.294    10.300 11 54251.57035509 40.727
 59 299.306790 -32.211369     9.687     9.538 10 54286.57036196 45.820
 60 299.306633 -32.210600     9.277     9.231 11 54321.57035853 34.449
 61 299.305666 -32.225457    18.390    15.020  3 54356.57032131 30.492
 62 299.305524 -32.210170     8.565     8.369 11 54391.57029933 45.583
 63 299.307474 -32.210334     8.760     8.704 11 54426.57026877 30.958
 64 299.304425 -32.209029     8.724     8.748 11 54461.57027620 35.571
 65 299.307390 -32.212341     8.679     8.769 10 54496.57027646 33.990
 66 299.305862 -32.210577     8.701     8.696 11 54531.57028939 29.540
 67 299.308495 -32.213106     8.970     9.009 11 54566.57028146 31.677
 68 299.304444 -32.209421     9.312     9.350 11 54601.57028457 25.921
 69 299.304403 -32.208896     8.618     8.665 11 54636.57029644 26.320
 70 299.304957 -32.210203     9.456     9.559 11 54671.57029994 20.465
 71 299.308433 -32.213080     8.885     8.970 10 54706.57026092 27.653
 72 299.301223 -32.219860     8.750     8.388  3 54741.57026691 27.047
 73 299.307942 -32.211320     9.088     9.138 10 54776.57024221 33.974
 74 299.303634 -32.206525     8.843     8.914 12 54811.57025712 33.815
 75 299.306883 -32.211259     7.743     7.666 11 54846.57024219 38.055
 76 299.303660 -32.206927     8.124     8.098 11 54881.57026119 32.114
 77 299.306484 -32.210767     8.088     8.173 11 54916.57024474 38.009
 78 299.304046 -32.207327     7.973     7.931 12 54951.57025375 36.843
 79 299.302460 -32.208619     8.452     8.303 10 54986.57027926 18.555
 80 299.307002 -32.212066     7.938     7.974 11 55021.57027234 26.602
 81 299.306787 -32.211053     8.942     8.934 10 55056.57026854 34.964
 82 299.305194 -32.219231     9.123     8.969  6 55091.57022799 29.790
 83 299.305138 -32.209089     9.397     9.451 11 55126.57020817 32.338
 84 299.306426 -32.210160    10.531    10.631 10 55161.57018725 40.674
 85 299.303654 -32.206364    11.142    11.191 11 55196.57019823 41.604
 86 299.304088 -32.220781    11.770    11.625  4 55231.57019334 36.737
 87 299.305030 -32.210464    11.318    11.291 11 55266.57019362 37.460
 88 299.305880 -32.224115    11.005    10.721  3 55301.57017396 33.413
 89 299.305527 -32.210004    10.504    10.479 11 55336.57016894 36.561
 90 299.305356 -32.215681    10.487    10.253  8 55371.57016005 37.323
 91 299.305817 -32.209178     9.312     9.189 11 55406.57017777 41.819
 92 299.304481 -32.220061     9.544     9.229  6 55441.57017974 26.621
 93 299.307337 -32.220400     9.635     9.355  5 55476.57012232 32.099
