#    0.000   0.000   0.000 ;Mean Elev.(m), Avg Gradient(m/km), RMS Gradient(m/km) - SRTM1     
#    0.000   0.000   0.000 ;Mean Elev.(m), Avg Gradient(m/km), RMS Gradient(m/km) - ASTER GDEM
#    7.460  -3.730   7.740 ;Mean Elev.(m), Avg Gradient(m/km), RMS Gradient(m/km) - GMTED2010 
  7    11.183 52466.57029426 23.21 299.346829 -32.058424 23.808
  7    10.970 52466.57029490 22.60 299.345909 -32.061704 23.808
  7    10.559 52466.57029555 23.74 299.344999 -32.064974 23.808
  7    10.481 52466.57029619 22.84 299.344079 -32.068254 23.808
  7    11.111 52466.57029684 22.06 299.343158 -32.071525 11.695
  7    11.781 52466.57029748 22.21 299.342248 -32.074805 11.695
  7    11.807 52466.57029812 21.59 299.341328 -32.078075 11.695
  7    11.925 52466.57029877 22.98 299.340408 -32.081355 11.695
  7    11.908 52466.57029941 21.84 299.339488 -32.084635 11.695
  7    10.257 52466.57030006 23.13 299.338578 -32.087905 11.695
  7    10.188 52466.57030070 21.73 299.337658 -32.091185 11.695
  7    10.092 52466.57030135 19.86 299.336738 -32.094455 11.695
  7    10.106 52466.57030199 19.69 299.335828 -32.097735 11.695
  7    10.119 52466.57030264 19.87 299.334908 -32.101005 11.695
  7    10.315 52466.57030328 19.12 299.333988 -32.104285 11.695
  7    10.233 52466.57030393 21.04 299.333068 -32.107555 11.695
  7    10.432 52466.57030457 22.15 299.332158 -32.110835 11.695
  7    10.456 52466.57030522 22.85 299.331238 -32.114115 11.695
  7    10.626 52466.57030586 26.05 299.330318 -32.117385 11.695
  7    14.130 52466.57030651 26.02 299.329398 -32.120665 11.695
  7    13.638 52466.57030715 27.04 299.328478 -32.123935 11.695
  8     9.114 52501.57028745 18.79 299.347625 -32.060609 12.577
  8     8.896 52501.57028809 16.88 299.346715 -32.063889 12.577
  8    22.161 52501.57028874 17.25 299.345795 -32.067159 12.577
  8     9.300 52501.57028938 17.96 299.344875 -32.070439 12.577
  8     9.548 52501.57029002 19.40 299.343965 -32.073709 12.577
  8     9.827 52501.57029067 20.48 299.343045 -32.076989 12.577
  8    10.265 52501.57029131 17.78 299.342125 -32.080259 12.577
  8    10.477 52501.57029196 19.20 299.341215 -32.083539 12.577
  8    10.250 52501.57029260 18.65 299.340295 -32.086809 12.577
  8     9.901 52501.57029325 17.98 299.339375 -32.090089 12.577
  8     9.466 52501.57029389 19.30 299.338465 -32.093369 12.577
  8     9.241 52501.57029454 17.80 299.337545 -32.096639 12.577
  8     9.187 52501.57029518 19.61 299.336625 -32.099919 12.577
  8     9.450 52501.57029583 19.55 299.335705 -32.103189 12.577
  8     9.592 52501.57029647 21.42 299.334795 -32.106469 12.577
  8     9.793 52501.57029712 25.25 299.333876 -32.109740 36.963
  8     9.873 52501.57029776 28.46 299.332956 -32.113020 36.963
  8     9.948 52501.57029841 27.43 299.332036 -32.116290 36.963
  8     9.956 52501.57029905 31.96 299.331126 -32.119570 36.963
  8    10.005 52501.57029969 26.49 299.330206 -32.122850 36.963
  9    77.364 52536.57027222  1.53 299.342907 -32.051574  3.048
  9    78.197 52536.57027287  2.84 299.341987 -32.054854  3.048
  9    79.502 52536.57027351  3.42 299.341067 -32.058124  3.048
  9    80.501 52536.57027416  5.79 299.340147 -32.061404  3.048
  9    81.451 52536.57027480  2.72 299.339237 -32.064674  3.048
  9    82.538 52536.57027545  2.38 299.338317 -32.067954  3.048
  9    72.147 52536.57027932  2.93 299.332811 -32.087605  6.215
  9    59.309 52536.57027996  7.20 299.331891 -32.090875  6.215
  9    73.462 52536.57028060  0.73 299.330971 -32.094155  6.215
  9    31.135 52536.57028641  7.65 299.322711 -32.123635  6.215
  9    42.758 52536.57028705  1.24 299.321791 -32.126905  6.215
 10    10.718 52571.57030859 30.87 299.345389 -32.055402 17.280
 10    11.440 52571.57030923 28.64 299.344469 -32.058682 17.280
 10    11.724 52571.57030988 26.57 299.343549 -32.061962 17.280
 10    10.591 52571.57031052 28.05 299.342629 -32.065232 17.280
 10    10.823 52571.57031116 27.23 299.341719 -32.068512 17.280
 10    11.664 52571.57031181 25.73 299.340799 -32.071782 17.280
 10    12.034 52571.57031245 25.74 299.339879 -32.075062 17.280
 10    12.333 52571.57031310 25.67 299.338969 -32.078332 17.280
 10    12.477 52571.57031374 25.23 299.338049 -32.081612 17.280
 10    12.159 52571.57031439 22.80 299.337132 -32.084884 22.929
 10    11.717 52571.57031503 21.62 299.336212 -32.088164 22.929
 10    11.388 52571.57031568 22.84 299.335292 -32.091434 22.929
 10    10.365 52571.57032019 40.10 299.328872 -32.114364 22.929
 10    10.369 52571.57032083 45.19 299.327952 -32.117644 22.929
 10    11.464 52571.57032148 40.49 299.327032 -32.120914 22.929
 10    10.329 52571.57032212 47.55 299.326112 -32.124194 22.929
 11    10.296 52606.57027904 20.43 299.340667 -32.094671 24.390
 11    10.219 52606.57027968 18.23 299.339757 -32.097951 24.390
 11    10.358 52606.57028033 19.65 299.338837 -32.101221 24.390
 11    10.162 52606.57028097 20.40 299.337917 -32.104501 24.390
 11    10.060 52606.57028162 24.32 299.337007 -32.107781 24.390
 11    10.328 52606.57028226 30.76 299.336087 -32.111051 24.390
 11    10.820 52606.57028291 34.72 299.335167 -32.114331 24.390
 11    10.269 52606.57028355 42.37 299.334247 -32.117601 24.390
 11    10.666 52606.57028420 28.89 299.333337 -32.120881 24.390
 12    11.329 52641.57026555 31.11 299.344659 -32.052477 29.197
 12    11.292 52641.57026619 25.71 299.343749 -32.055757 29.197
 12    11.039 52641.57026684 23.17 299.342829 -32.059027 29.197
 12    11.039 52641.57026748 25.30 299.341909 -32.062307 29.197
 12    11.354 52641.57026813 24.52 299.340989 -32.065577 29.197
 12    11.450 52641.57026877 33.13 299.340079 -32.068857 29.197
 12    11.452 52641.57026942 37.31 299.339161 -32.072129 25.801
 12    11.553 52641.57027006 43.90 299.338241 -32.075409 25.801
 12    11.616 52641.57027071 49.44 299.337321 -32.078679 25.801
 12    11.595 52641.57027135 37.00 299.336411 -32.081959 25.801
 12    11.285 52641.57027200 30.79 299.335491 -32.085229 25.801
 12    11.295 52641.57027264 27.36 299.334571 -32.088509 25.801
 12    11.150 52641.57027328 25.44 299.333651 -32.091779 25.801
 12    10.997 52641.57027393 25.10 299.332741 -32.095059 25.801
 12    10.914 52641.57027457 24.79 299.331821 -32.098339 25.801
 12    10.923 52641.57027522 23.28 299.330901 -32.101609 25.801
 12    10.961 52641.57027586 24.09 299.329981 -32.104889 25.801
 12    11.085 52641.57027651 23.00 299.329061 -32.108159 25.801
 12    11.142 52641.57027715 25.19 299.328141 -32.111439 25.801
 12    11.351 52641.57027780 28.06 299.327231 -32.114709 25.801
 12    11.420 52641.57027844 32.59 299.326311 -32.117989 25.801
 12    11.407 52641.57027909 39.43 299.325391 -32.121259 25.801
 12    11.376 52641.57027973 46.84 299.324471 -32.124539 25.801
 13    12.119 52676.57025902 17.90 299.345052 -32.078779 18.384
 13    13.032 52676.57025967 19.03 299.344142 -32.082049 18.384
 13    12.394 52676.57026031 21.32 299.343222 -32.085329 18.384
 13    12.392 52676.57026096 19.64 299.342301 -32.088602 28.433
 13    12.003 52676.57026160 18.63 299.341391 -32.091882 28.433
 13    10.750 52676.57026354 20.96 299.338641 -32.101702 28.433
 13    10.481 52676.57026418 24.69 299.337721 -32.104982 28.433
 13    11.706 52676.57026483 26.74 299.336801 -32.108262 28.433
 13    10.403 52676.57026547 33.54 299.335881 -32.111532 28.433
 13    10.518 52676.57026611 41.76 299.334971 -32.114812 28.433
 13    11.092 52676.57026676 43.79 299.334051 -32.118082 28.433
 13    10.700 52676.57026740 34.45 299.333131 -32.121362 28.433
 14    11.464 52711.57028240 29.79 299.344534 -32.053497 30.650
 14    11.243 52711.57028305 25.53 299.343624 -32.056767 30.650
 14    10.885 52711.57028369 25.92 299.342704 -32.060047 30.650
 14    11.229 52711.57028434 26.27 299.341790 -32.063318 24.121
 14    11.386 52711.57028498 29.04 299.340870 -32.066598 24.121
 14    11.400 52711.57028563 33.80 299.339950 -32.069868 24.121
 14    11.457 52711.57028627 34.56 299.339030 -32.073148 24.121
 14    11.389 52711.57028692 48.95 299.338120 -32.076418 24.121
 14    11.335 52711.57028756 48.66 299.337200 -32.079698 24.121
 14    11.276 52711.57028821 36.13 299.336280 -32.082968 24.121
 14    11.119 52711.57028885 31.21 299.335360 -32.086248 24.121
 14    10.935 52711.57028950 29.87 299.334450 -32.089528 24.121
 14    10.771 52711.57029014 27.98 299.333530 -32.092798 24.121
 14    10.712 52711.57029079 26.64 299.332610 -32.096078 24.121
 14    10.905 52711.57029143 25.38 299.331690 -32.099348 24.121
 14    10.813 52711.57029207 25.92 299.330770 -32.102628 24.121
 14    10.896 52711.57029272 27.41 299.329860 -32.105898 24.121
 14    10.971 52711.57029336 28.14 299.328940 -32.109178 24.121
 14    11.144 52711.57029401 29.62 299.328020 -32.112448 24.121
 14    11.319 52711.57029465 32.95 299.327100 -32.115728 24.121
 14    11.341 52711.57029530 38.14 299.326190 -32.119008 24.121
 14    11.196 52711.57029594 46.69 299.325270 -32.122278 24.121
 14    11.228 52711.57029659 52.62 299.324350 -32.125558 24.121
 15    10.942 52746.57030901 32.11 299.342533 -32.051497 17.577
 15    11.027 52746.57030965 29.86 299.341623 -32.054777 17.577
 15    10.499 52746.57031030 28.19 299.340703 -32.058047 17.577
 15    10.577 52746.57031094 26.40 299.339783 -32.061327 17.577
 15    10.948 52746.57031159 25.38 299.338868 -32.064601 19.066
 15    11.391 52746.57031223 38.21 299.337948 -32.067881 19.066
 15    10.834 52746.57031675 27.12 299.331538 -32.090811 19.066
 15    10.780 52746.57031739 24.78 299.330618 -32.094081 19.066
 15    10.424 52746.57031804 21.99 299.329698 -32.097361 19.066
 15    10.073 52746.57031868 21.25 299.328778 -32.100631 19.066
 15    10.146 52746.57031932 21.05 299.327868 -32.103911 19.066
 15    10.212 52746.57031997 21.11 299.326948 -32.107191 19.066
 15    10.415 52746.57032061 20.62 299.326028 -32.110461 19.066
 15    10.566 52746.57032126 21.39 299.325118 -32.113741 19.066
 15    10.704 52746.57032190 23.90 299.324198 -32.117011 19.066
 15    10.854 52746.57032255 24.46 299.323278 -32.120291 19.066
 15    10.960 52746.57032319 37.25 299.322358 -32.123561 19.066
 15    11.117 52746.57032384 31.86 299.321438 -32.126841 19.066
 16    77.732 52781.57024699  0.41 299.343577 -32.050295  3.067
 16    78.540 52781.57024763  0.51 299.342657 -32.053575  3.067
 16    79.365 52781.57024828  1.04 299.341747 -32.056855  3.067
 16    65.377 52781.57024892  6.80 299.340827 -32.060125  3.067
 16    81.432 52781.57024957  1.71 299.339907 -32.063405  3.067
 16    82.006 52781.57025021  1.34 299.338987 -32.066675  3.067
 16    82.865 52781.57025086  1.81 299.338077 -32.069955  3.067
 16    32.640 52781.57026117  3.61 299.323388 -32.122364 10.783
 16    32.316 52781.57026182  2.99 299.322468 -32.125634 10.783
 17     9.255 52816.57032959 21.07 299.339518 -32.061623 15.963
 17    10.186 52816.57033023 19.68 299.338608 -32.064903 15.963
 17     9.667 52816.57033474 39.78 299.332178 -32.087833 17.783
 17     9.997 52816.57033539 35.74 299.331268 -32.091103 17.783
 17     9.927 52816.57033603 18.95 299.330348 -32.094383 17.783
 17     9.393 52816.57033668 17.61 299.329428 -32.097653 17.783
 17     9.111 52816.57033732 18.48 299.328508 -32.100933 17.783
 17     9.058 52816.57033797 19.14 299.327588 -32.104203 17.783
 17     9.025 52816.57033861 20.38 299.326668 -32.107483 17.783
 17     9.169 52816.57033926 21.61 299.325758 -32.110753 17.783
 17     9.197 52816.57033990 23.35 299.324838 -32.114033 17.783
 17     9.326 52816.57034055 23.64 299.323918 -32.117313 17.783
 17     9.480 52816.57034119 25.50 299.322998 -32.120583 17.783
 17     9.891 52816.57034184 30.89 299.322078 -32.123863 17.783
 17     9.952 52816.57034248 29.10 299.321168 -32.127133 17.783
 18     8.887 52851.57037955 19.68 299.345964 -32.056739  9.696
 18     8.657 52851.57038020 18.74 299.345044 -32.060009  9.696
 18     9.633 52851.57038084 16.63 299.344124 -32.063289  9.696
 18     9.938 52851.57038148 16.33 299.343214 -32.066559  9.696
 18    10.273 52851.57038213 15.83 299.342294 -32.069839  9.696
 18    10.555 52851.57038277 15.52 299.341377 -32.073110 11.116
 18    10.819 52851.57038342 19.73 299.340457 -32.076390 11.116
 18    10.687 52851.57038406 19.88 299.339537 -32.079660 11.116
 18    10.562 52851.57038471 17.95 299.338627 -32.082940 11.116
 18    10.223 52851.57038535 19.57 299.337707 -32.086210 11.116
 18    10.104 52851.57038600 18.87 299.336787 -32.089490 11.116
 18     9.793 52851.57038664 19.62 299.335867 -32.092770 11.116
 18     9.399 52851.57038729 17.55 299.334947 -32.096040 11.116
 18     9.069 52851.57038793 18.39 299.334037 -32.099320 11.116
 18     9.478 52851.57038858 18.26 299.333117 -32.102590 11.116
 18     9.675 52851.57038922 17.21 299.332197 -32.105870 11.116
 18     9.805 52851.57038987 17.25 299.331277 -32.109140 11.116
 18     9.995 52851.57039051 19.02 299.330357 -32.112420 11.116
 18     9.737 52851.57039115 21.65 299.329447 -32.115690 11.116
 18     9.500 52851.57039180 25.80 299.328527 -32.118970 11.116
 18     9.403 52851.57039244 33.49 299.327607 -32.122240 11.116
 19    10.209 52886.57041357 18.53 299.344134 -32.054552 13.853
 19    10.230 52886.57041422 14.93 299.343224 -32.057832 13.853
 19     9.736 52886.57041486 13.95 299.342304 -32.061102 13.853
 19     9.733 52886.57041551 14.17 299.341384 -32.064382 13.853
 19    10.343 52886.57041615 15.35 299.340474 -32.067652 13.853
 19     9.967 52886.57041938 21.81 299.335881 -32.084034 12.925
 19     9.658 52886.57042002 21.78 299.334971 -32.087304 12.925
 19     9.577 52886.57042067 21.54 299.334051 -32.090584 12.925
 19     9.707 52886.57042131 19.27 299.333131 -32.093864 12.925
 19     9.173 52886.57042195 17.24 299.332211 -32.097134 12.925
 19     8.693 52886.57042260 17.20 299.331301 -32.100414 12.925
 19     8.730 52886.57042324 17.51 299.330381 -32.103684 12.925
 19     8.969 52886.57042389 17.08 299.329461 -32.106964 12.925
 19     9.169 52886.57042453 16.31 299.328541 -32.110234 12.925
 19     9.359 52886.57042518 16.57 299.327631 -32.113514 12.925
 19     9.500 52886.57042582 17.92 299.326711 -32.116784 12.925
 19     9.850 52886.57042647 19.69 299.325791 -32.120064 12.925
 19     9.890 52886.57042711 24.67 299.324871 -32.123344 12.925
 20     9.375 52921.57037346 49.94 299.344263 -32.077667 35.467
 20     9.320 52921.57037410 49.76 299.343353 -32.080947 35.467
 20     9.279 52921.57037475 46.18 299.342433 -32.084217 35.467
 20     9.229 52921.57037539 37.73 299.341513 -32.087497 35.467
 20     9.118 52921.57037604 30.35 299.340593 -32.090767 35.467
 20     9.109 52921.57037668 30.81 299.339683 -32.094047 35.467
 20     9.206 52921.57037733 31.38 299.338763 -32.097327 35.467
 20     9.178 52921.57037797 38.54 299.337843 -32.100597 35.467
 20     9.234 52921.57037861 36.90 299.336933 -32.103877 35.467
 20     9.211 52921.57037926 38.19 299.336013 -32.107147 35.467
 20     9.209 52921.57037990 39.76 299.335093 -32.110427 35.467
 20     9.304 52921.57038055 34.13 299.334173 -32.113697 35.467
 20     9.324 52921.57038119 27.88 299.333263 -32.116977 35.467
 20     9.077 52921.57038184 23.80 299.332343 -32.120257 35.467
 21    10.446 52956.57033835 19.50 299.344410 -32.077111 10.420
 21     9.324 52956.57034286 17.63 299.337990 -32.100041 10.420
 21     9.253 52956.57034351 17.39 299.337070 -32.103311 10.420
 21     9.577 52956.57034415 18.40 299.336150 -32.106591 10.420
 21     9.518 52956.57034480 20.32 299.335230 -32.109861 10.420
 21     9.601 52956.57034544 20.97 299.334310 -32.113141 10.420
 21    10.035 52956.57034609 20.50 299.333400 -32.116411 10.420
 21     9.855 52956.57034673 18.43 299.332480 -32.119691 10.420
 21     9.414 52956.57034738 25.81 299.331560 -32.122961 10.420
 22    10.656 52991.57035788 23.13 299.344764 -32.082338  8.263
 22    10.577 52991.57035853 19.41 299.343844 -32.085618  8.263
 22    10.223 52991.57035917 16.60 299.342924 -32.088888  8.263
 22     9.393 52991.57035982 17.07 299.342014 -32.092168  8.263
 22     9.244 52991.57036046 17.27 299.341094 -32.095438  8.263
 22     9.359 52991.57036111 13.72 299.340174 -32.098718  8.263
 22     8.928 52991.57036175 15.38 299.339254 -32.101998  8.263
 22     8.867 52991.57036240 17.12 299.338344 -32.105268  8.263
 22     8.978 52991.57036304 22.42 299.337424 -32.108548  8.263
 22     9.171 52991.57036369 23.86 299.336504 -32.111818  8.263
 22     9.258 52991.57036433 23.98 299.335584 -32.115098  8.263
 22     9.129 52991.57036498 20.28 299.334666 -32.118369 31.324
 22     9.179 52991.57036562 19.88 299.333756 -32.121649 31.324
 23    10.764 53026.57032666 31.33 299.346886 -32.097311 26.533
 23    10.249 53026.57032731 22.44 299.345976 -32.100591 26.533
 23    10.520 53026.57032795 27.09 299.345056 -32.103861 26.533
 23    10.561 53026.57032859 46.36 299.344136 -32.107141 26.533
 23    10.698 53026.57032924 49.65 299.343216 -32.110411 26.533
 23    10.468 53026.57032988 47.47 299.342306 -32.113691 26.533
 23    10.519 53026.57033053 33.96 299.341386 -32.116961 26.533
 24     9.174 53061.57033448 27.99 299.345411 -32.087222 16.605
 24     9.291 53061.57033512 28.66 299.344491 -32.090492 16.605
 24     9.037 53061.57033577 28.52 299.343571 -32.093772 16.605
 24     9.096 53061.57033641 30.50 299.342651 -32.097042 16.605
 24     9.194 53061.57033706 32.83 299.341741 -32.100322 16.605
 24     9.320 53061.57033770 30.33 299.340821 -32.103592 16.605
 24     9.858 53061.57033835 29.21 299.339901 -32.106872 16.605
 24    10.141 53061.57033899 44.12 299.338981 -32.110142 16.605
 24    10.118 53061.57033964 48.07 299.338061 -32.113422 16.605
 24    10.282 53061.57034028 40.13 299.337151 -32.116702 16.605
 24     8.997 53061.57034093 43.00 299.336231 -32.119972 16.605
 25    79.190 53096.57035449  1.49 299.345062 -32.054715  2.212
 25    80.214 53096.57035513  1.93 299.344142 -32.057995  2.212
 25    81.525 53096.57035578  1.64 299.343222 -32.061275  2.212
 25    82.421 53096.57035642  1.44 299.342312 -32.064545  2.212
 25    83.361 53096.57035707  1.19 299.341392 -32.067825  2.212
 25    84.033 53096.57035771  1.01 299.340472 -32.071095  2.212
 25    84.587 53096.57035836  0.41 299.339562 -32.074375  2.212
 25    85.054 53096.57035965  0.15 299.337722 -32.080925  2.212
 25    30.132 53096.57036803  8.18 299.325804 -32.123509  5.615
 26    10.625 53131.57033487 16.36 299.343357 -32.095542 26.742
 26     9.735 53131.57033552 16.94 299.342437 -32.098812 26.742
 26     9.583 53131.57033810 45.51 299.338767 -32.111922 26.742
 26    10.804 53131.57033874 46.83 299.337847 -32.115192 26.742
 26    11.088 53131.57033939 34.78 299.336927 -32.118472 26.742
 28     9.376 53201.57040592 17.06 299.344301 -32.063995 15.254
 28     9.706 53201.57040656 15.85 299.343390 -32.067266 14.733
 28     9.797 53201.57040721 16.85 299.342470 -32.070546 14.733
 28    10.455 53201.57040785 17.58 299.341550 -32.073816 14.733
 28    11.146 53201.57040914 20.53 299.339720 -32.080376 14.733
 28    10.128 53201.57040978 19.53 299.338800 -32.083646 14.733
 28     9.782 53201.57041043 20.38 299.337880 -32.086926 14.733
 28     9.559 53201.57041107 24.49 299.336960 -32.090196 14.733
 28    10.214 53201.57041172 20.94 299.336050 -32.093476 14.733
 28     9.460 53201.57041236 18.15 299.335130 -32.096746 14.733
 28     8.976 53201.57041301 18.23 299.334210 -32.100026 14.733
 28     8.985 53201.57041365 18.71 299.333290 -32.103296 14.733
 28     9.165 53201.57041430 20.35 299.332380 -32.106576 14.733
 28     9.209 53201.57041494 20.16 299.331460 -32.109846 14.733
 28     9.343 53201.57041559 20.81 299.330540 -32.113126 14.733
 28     9.313 53201.57041623 22.20 299.329620 -32.116396 14.733
 28     9.379 53201.57041688 26.48 299.328710 -32.119676 14.733
 28     9.475 53201.57041752 36.57 299.327790 -32.122956 14.733
 29    11.047 53236.57038085 30.71 299.346359 -32.095343 23.378
 29    10.006 53236.57038150 22.47 299.345449 -32.098623 23.378
 29     9.525 53236.57038214 22.09 299.344529 -32.101893 23.378
 29     9.536 53236.57038279 26.77 299.343609 -32.105173 23.378
 29     9.714 53236.57038343 43.00 299.342689 -32.108443 23.378
 29     9.808 53236.57038407 49.53 299.341779 -32.111723 23.378
 29     9.709 53236.57038472 47.35 299.340859 -32.115003 23.378
 29     9.644 53236.57038536 35.27 299.339939 -32.118273 23.378
 30     8.602 53271.57033154 22.03 299.345671 -32.054084 12.534
 30     8.513 53271.57033219 20.00 299.344751 -32.057364 12.534
 30     8.452 53271.57033283 19.66 299.343831 -32.060644 12.534
 30     8.634 53271.57033348 19.84 299.342911 -32.063914 12.534
 30     8.860 53271.57033412 21.18 299.342001 -32.067194 12.534
 30     9.067 53271.57033477 26.40 299.341078 -32.070464 15.222
 30     8.981 53271.57033541 28.91 299.340158 -32.073744 15.222
 30     9.574 53271.57033606 27.28 299.339248 -32.077014 15.222
 30     9.656 53271.57033670 23.90 299.338328 -32.080294 15.222
 30     9.509 53271.57033735 21.28 299.337408 -32.083574 15.222
 30     8.774 53271.57033799 27.54 299.336488 -32.086844 15.222
 30     8.784 53271.57033863 27.47 299.335568 -32.090124 15.222
 30     9.024 53271.57033928 22.04 299.334658 -32.093394 15.222
 30     8.743 53271.57033992 21.39 299.333738 -32.096674 15.222
 30     8.463 53271.57034057 20.80 299.332818 -32.099944 15.222
 30     8.013 53271.57034121 24.48 299.331898 -32.103224 15.222
 30     8.291 53271.57034186 21.78 299.330978 -32.106494 15.222
 30     8.353 53271.57034250 21.03 299.330058 -32.109774 15.222
 30     8.583 53271.57034315 19.39 299.329148 -32.113044 15.222
 30     8.592 53271.57034379 19.36 299.328228 -32.116324 15.222
 30     8.696 53271.57034444 21.00 299.327308 -32.119604 15.222
 30     8.796 53271.57034508 32.36 299.326388 -32.122874 15.222
 31     9.058 53306.57039566 16.57 299.340860 -32.052375 18.702
 31     8.885 53306.57039630 16.14 299.339940 -32.055645 18.702
 31     8.942 53306.57039695 13.67 299.339020 -32.058925 18.702
 31     9.127 53306.57039759 13.58 299.338100 -32.062195 18.702
 31     9.297 53306.57039824 17.58 299.337190 -32.065475 18.702
 31     9.145 53306.57040340 39.87 299.329850 -32.091685 18.702
 31     9.036 53306.57040404 22.46 299.328930 -32.094955 18.702
 31     8.654 53306.57040468 16.86 299.328010 -32.098235 18.702
 31     8.581 53306.57040533 17.84 299.327090 -32.101505 18.702
 31     8.654 53306.57040597 16.97 299.326180 -32.104785 18.702
 31     8.778 53306.57040662 16.44 299.325260 -32.108055 18.702
 31     8.721 53306.57040726 15.75 299.324340 -32.111335 18.702
 31     8.606 53306.57040791 14.93 299.323421 -32.114605 38.448
 31     8.615 53306.57040855 15.68 299.322501 -32.117885 38.448
 31     8.778 53306.57040920 16.92 299.321591 -32.121155 38.448
 31     8.844 53306.57040984 31.36 299.320671 -32.124435 38.448
 31     8.931 53306.57041049 34.53 299.319751 -32.127715 38.448
 32    10.855 53341.57036411 25.24 299.348256 -32.058485 15.601
 32     9.627 53341.57036476 22.25 299.347336 -32.061765 15.601
 32     9.920 53341.57036540 21.56 299.346416 -32.065035 15.601
 32    10.377 53341.57036605 21.02 299.345506 -32.068315 15.601
 32    10.464 53341.57036669 21.93 299.344586 -32.071585 15.601
 32    10.561 53341.57036734 24.07 299.343666 -32.074865 15.601
 32    10.656 53341.57036798 24.87 299.342756 -32.078145 15.601
 32    10.604 53341.57036863 27.01 299.341836 -32.081415 15.601
 32    10.636 53341.57036927 26.09 299.340916 -32.084695 15.601
 32    10.519 53341.57036992 25.27 299.340006 -32.087965 15.601
 32    10.400 53341.57037056 23.33 299.339086 -32.091245 15.601
 32    10.325 53341.57037121 22.23 299.338166 -32.094515 15.601
 32    10.166 53341.57037185 22.54 299.337246 -32.097795 15.601
 32    10.399 53341.57037250 21.56 299.336336 -32.101075 15.601
 32    10.546 53341.57037314 24.17 299.335416 -32.104345 15.601
 32    10.603 53341.57037378 26.61 299.334496 -32.107625 15.601
 32    10.683 53341.57037443 29.61 299.333576 -32.110895 15.601
 32    10.676 53341.57037507 32.90 299.332666 -32.114175 15.601
 32    10.805 53341.57037572 35.80 299.331745 -32.117446 41.780
 32    10.747 53341.57037636 47.19 299.330825 -32.120726 41.780
 32    10.773 53341.57037701 37.79 299.329905 -32.123996 41.780
 33    11.476 53376.57030299 20.12 299.343540 -32.094167 13.045
 33    10.397 53376.57030363 19.32 299.342630 -32.097437 13.045
 33    10.606 53376.57030428 20.86 299.341710 -32.100717 13.045
 33    10.652 53376.57030492 26.49 299.340788 -32.103991 36.795
 33    10.755 53376.57030557 37.57 299.339878 -32.107271 36.795
 33    10.567 53376.57030621 49.16 299.338958 -32.110541 36.795
 33    11.438 53376.57030685 50.11 299.338038 -32.113821 36.795
 33    10.436 53376.57030750 43.88 299.337128 -32.117091 36.795
 33    10.556 53376.57030814 28.99 299.336208 -32.120371 36.795
 34    12.369 53411.57034294 21.52 299.345182 -32.077196 18.318
 34    12.740 53411.57034358 22.30 299.344262 -32.080466 18.318
 34    12.425 53411.57034423 25.23 299.343342 -32.083746 18.318
 34    10.842 53411.57034810 24.20 299.337842 -32.103396 18.318
 34    10.690 53411.57034874 28.54 299.336922 -32.106676 18.318
 34    10.847 53411.57034938 34.86 299.336002 -32.109946 18.318
 34    10.901 53411.57035003 45.26 299.335082 -32.113226 18.318
 34    11.199 53411.57035067 49.84 299.334166 -32.116497 38.883
 34    11.424 53411.57035132 46.34 299.333246 -32.119777 38.883
 35    78.999 53446.57032154  1.38 299.342542 -32.055503  2.786
 35    79.719 53446.57032219  1.80 299.341622 -32.058783  2.786
 35    80.521 53446.57032283  2.03 299.340702 -32.062053  2.786
 35    78.117 53446.57032348  2.51 299.339782 -32.065333  2.786
 35    78.619 53446.57032477  0.33 299.337952 -32.071883  2.786
 35    31.904 53446.57033444  3.14 299.324176 -32.121013 12.115
 35    31.557 53446.57033508 11.37 299.323256 -32.124293 12.115
 36     9.943 53481.57040581 27.78 299.340650 -32.051214 27.626
 36     9.664 53481.57040645 19.33 299.339730 -32.054494 27.626
 36     9.434 53481.57040710 21.54 299.338820 -32.057764 27.626
 36     9.812 53481.57040774 20.99 299.337900 -32.061044 27.626
 36    10.078 53481.57040839 22.94 299.336980 -32.064324 27.626
 36    10.105 53481.57041355 37.37 299.329640 -32.090524 27.626
 36    10.092 53481.57041419 27.29 299.328720 -32.093804 27.626
 36     9.835 53481.57041484 21.19 299.327810 -32.097074 27.626
 36     9.571 53481.57041548 20.62 299.326890 -32.100354 27.626
 36     9.384 53481.57041612 20.80 299.325970 -32.103624 27.626
 36     9.448 53481.57041677 20.24 299.325050 -32.106904 27.626
 36     9.426 53481.57041741 20.60 299.324132 -32.110175 34.891
 36     9.654 53481.57041806 21.00 299.323212 -32.113455 34.891
 36     9.902 53481.57041870 22.49 299.322302 -32.116725 34.891
 36     9.983 53481.57041935 27.30 299.321382 -32.120005 34.891
 36     9.886 53481.57041999 32.19 299.320462 -32.123285 34.891
 36     9.921 53481.57042064 39.78 299.319542 -32.126555 34.891
 37    74.269 53516.57041020  5.30 299.348225 -32.058874  2.684
 37    75.234 53516.57041085  4.70 299.347305 -32.062144  2.684
 37    80.034 53516.57041149  0.78 299.346395 -32.065424  2.684
 37    31.065 53516.57042245  5.58 299.330793 -32.121104 12.179
 38    10.337 53551.57042990 38.95 299.343640 -32.052115 31.009
 38    10.334 53551.57043054 37.24 299.342720 -32.055395 31.009
 38    10.327 53551.57043119 36.19 299.341800 -32.058665 31.009
 38    10.415 53551.57043183 35.75 299.340890 -32.061945 31.009
 38    10.151 53551.57043248 32.35 299.339970 -32.065215 31.009
 38    10.110 53551.57043312 32.90 299.339050 -32.068495 31.009
 38    10.318 53551.57043377 33.61 299.338140 -32.071775 31.009
 38    10.196 53551.57043635 45.51 299.334470 -32.084875 31.009
 38    10.172 53551.57043699 49.53 299.333550 -32.088145 31.009
 38    10.179 53551.57043764 50.12 299.332630 -32.091425 31.009
 38    10.214 53551.57043828 49.89 299.331720 -32.094695 31.009
 38    10.261 53551.57043892 49.40 299.330800 -32.097975 31.009
 38    10.260 53551.57043957 48.98 299.329880 -32.101255 31.009
 38    10.279 53551.57044021 48.02 299.328960 -32.104525 31.009
 38    10.229 53551.57044086 45.36 299.328050 -32.107805 31.009
 38    10.228 53551.57044150 39.33 299.327129 -32.111074 25.210
 38    10.152 53551.57044215 36.01 299.326209 -32.114354 25.210
 38    10.179 53551.57044279 39.57 299.325289 -32.117624 25.210
 38    10.134 53551.57044344 42.66 299.324379 -32.120904 25.210
 38    10.094 53551.57044408 51.10 299.323459 -32.124184 25.210
 39     9.202 53586.57039150 36.60 299.344902 -32.084474 17.024
 39     9.192 53586.57039215 36.94 299.343982 -32.087754 17.024
 39     9.320 53586.57039279 38.14 299.343062 -32.091024 17.024
 39     9.308 53586.57039344 39.62 299.342152 -32.094304 17.024
 39     9.134 53586.57039408 38.53 299.341232 -32.097574 17.024
 39     9.074 53586.57039473 38.07 299.340312 -32.100854 17.024
 39     8.874 53586.57039537 36.54 299.339402 -32.104134 17.024
 39     9.121 53586.57039602 35.66 299.338482 -32.107404 17.024
 39    10.022 53586.57039666 41.76 299.337562 -32.110684 17.024
 39    10.055 53586.57039731 44.95 299.336642 -32.113954 17.024
 39    10.158 53586.57039795 47.93 299.335732 -32.117234 17.024
 39     9.069 53586.57039860 51.77 299.334810 -32.120505 26.382
 40     8.908 53621.57034898 25.66 299.337866 -32.053125 22.550
 40     8.533 53621.57034962 23.10 299.336946 -32.056405 22.550
 40     8.454 53621.57035027 19.16 299.336026 -32.059675 22.550
 40     8.290 53621.57035091 19.54 299.335116 -32.062955 22.550
 40     9.432 53621.57035671 28.26 299.326849 -32.092435 20.171
 40     8.651 53621.57035736 28.01 299.325939 -32.095705 20.171
 40     8.902 53621.57035800 25.55 299.325019 -32.098985 20.171
 40     8.875 53621.57035865 22.15 299.324099 -32.102265 20.171
 40     8.555 53621.57035929 20.82 299.323179 -32.105535 20.171
 40     8.303 53621.57035994 19.04 299.322259 -32.108815 20.171
 40     8.444 53621.57036058 17.27 299.321349 -32.112085 20.171
 40     8.641 53621.57036123 17.14 299.320429 -32.115365 20.171
 40     8.777 53621.57036187 15.61 299.319509 -32.118635 20.171
 40     8.229 53621.57036252 16.68 299.318589 -32.121915 20.171
 40     8.386 53621.57036316 17.39 299.317669 -32.125185 20.171
 40     9.003 53621.57036381 19.01 299.316749 -32.128465 20.171
 41     9.674 53656.57037769 23.03 299.344392 -32.055399 13.917
 41     9.481 53656.57037834 16.44 299.343472 -32.058669 13.917
 41     9.385 53656.57037898 14.99 299.342562 -32.061949 13.917
 41     9.286 53656.57037963 16.04 299.341642 -32.065229 13.917
 41     9.286 53656.57038027 16.70 299.340722 -32.068499 13.917
 41     9.384 53656.57038092 19.34 299.339812 -32.071779 13.917
 41     9.758 53656.57038156 18.88 299.338892 -32.075049 13.917
 41     9.532 53656.57038221 28.42 299.337972 -32.078329 13.917
 41     9.740 53656.57038285 25.19 299.337052 -32.081599 13.917
 41     9.708 53656.57038350 22.62 299.336142 -32.084879 13.917
 41     9.721 53656.57038414 21.65 299.335222 -32.088149 13.917
 41     9.459 53656.57038479 23.51 299.334302 -32.091429 13.917
 41     9.423 53656.57038543 25.05 299.333382 -32.094709 13.917
 41     9.391 53656.57038607 19.66 299.332472 -32.097979 13.917
 41     9.036 53656.57038672 19.63 299.331552 -32.101259 13.917
 41     8.806 53656.57038736 18.98 299.330632 -32.104529 13.917
 41     8.926 53656.57038801 18.64 299.329712 -32.107809 13.917
 41     8.889 53656.57038865 20.65 299.328794 -32.111079 30.745
 41     8.871 53656.57038930 21.02 299.327884 -32.114359 30.745
 41     9.016 53656.57038994 22.01 299.326964 -32.117629 30.745
 41     9.328 53656.57039059 23.80 299.326044 -32.120909 30.745
 41     9.424 53656.57039123 25.93 299.325124 -32.124189 30.745
 42    10.671 53691.57036533 39.63 299.347346 -32.055826 12.630
 42    10.553 53691.57036597 35.44 299.346436 -32.059096 12.630
 42    10.404 53691.57036662 35.89 299.345516 -32.062376 12.630
 42    10.308 53691.57036726 31.70 299.344596 -32.065646 12.630
 42     9.969 53691.57036790 30.96 299.343686 -32.068926 12.630
 42    10.384 53691.57036855 27.82 299.342766 -32.072196 12.630
 42    10.536 53691.57036919 27.15 299.341846 -32.075476 12.630
 42    10.658 53691.57036984 29.40 299.340936 -32.078756 12.630
 42    10.554 53691.57037048 27.87 299.340016 -32.082026 12.630
 42    10.459 53691.57037113 26.84 299.339096 -32.085306 12.630
 42    10.393 53691.57037177 25.57 299.338186 -32.088576 12.630
 42    10.384 53691.57037242 24.52 299.337266 -32.091856 12.630
 42    10.415 53691.57037306 24.25 299.336346 -32.095126 12.630
 42    10.261 53691.57037371 24.98 299.335426 -32.098406 12.630
 42    10.215 53691.57037435 26.33 299.334516 -32.101686 12.630
 42    10.373 53691.57037500 26.03 299.333596 -32.104956 12.630
 42    10.372 53691.57037564 26.47 299.332676 -32.108236 12.630
 42    10.456 53691.57037629 27.18 299.331756 -32.111506 12.630
 42    10.488 53691.57037693 29.41 299.330846 -32.114786 12.630
 42    10.542 53691.57037758 34.99 299.329924 -32.118058 40.068
 42    10.686 53691.57037822 44.88 299.329004 -32.121338 40.068
 42    10.782 53691.57037886 48.30 299.328094 -32.124608 40.068
 43    41.835 53726.57029970  6.90 299.339506 -32.111369  3.344
 43    44.530 53726.57030034  3.22 299.338596 -32.114639  3.344
 43    53.436 53726.57030099  0.31 299.337676 -32.117919  3.344
 44     9.568 53761.57024533 16.32 299.344853 -32.082561 15.612
 44     9.576 53761.57024598 16.46 299.343943 -32.085841 15.612
 44     9.963 53761.57024662 16.83 299.343023 -32.089111 15.612
 44     9.827 53761.57024727 17.04 299.342103 -32.092391 15.612
 44     9.608 53761.57024791 17.13 299.341183 -32.095671 15.612
 44     9.548 53761.57024856 18.75 299.340263 -32.098941 15.612
 44     9.490 53761.57024920 20.11 299.339353 -32.102221 15.612
 44     9.671 53761.57024985 21.99 299.338433 -32.105491 15.612
 44     9.799 53761.57025049 28.25 299.337513 -32.108771 15.612
 44     9.851 53761.57025113 34.68 299.336591 -32.112041 29.585
 44     9.868 53761.57025178 35.16 299.335681 -32.115321 29.585
 44     9.952 53761.57025242 40.66 299.334761 -32.118591 29.585
 44     9.663 53761.57025307 32.30 299.333841 -32.121871 29.585
 45     9.187 53796.57026004 44.16 299.345469 -32.087661 22.954
 45     9.222 53796.57026068 47.57 299.344549 -32.090941 22.954
 45     9.258 53796.57026133 43.46 299.343629 -32.094211 22.954
 45     9.143 53796.57026197 44.01 299.342709 -32.097491 22.954
 45     9.113 53796.57026262 44.79 299.341799 -32.100771 22.954
 45     9.175 53796.57026326 37.16 299.340879 -32.104041 22.954
 45     8.950 53796.57026391 33.32 299.339959 -32.107321 22.954
 45     9.877 53796.57026455 38.88 299.339039 -32.110591 22.954
 45     9.844 53796.57026519 36.45 299.338129 -32.113871 22.954
 45     9.479 53796.57026584 44.97 299.337210 -32.117143 20.386
 45     9.127 53796.57026648 48.61 299.336290 -32.120423 20.386
 47     9.997 53866.57031131 40.95 299.344325 -32.053853 27.181
 47     9.963 53866.57031196 39.12 299.343405 -32.057133 27.181
 47     9.949 53866.57031260 33.87 299.342492 -32.060406 19.262
 47     9.619 53866.57031325 32.49 299.341572 -32.063686 19.262
 47     9.415 53866.57031389 30.62 299.340652 -32.066956 19.262
 47     9.472 53866.57031454 29.14 299.339732 -32.070236 19.262
 47     9.890 53866.57031518 31.49 299.338822 -32.073506 19.262
 47     9.974 53866.57031583 29.57 299.337902 -32.076786 19.262
 47     9.954 53866.57031647 33.94 299.336982 -32.080056 19.262
 47     9.761 53866.57031711 30.08 299.336062 -32.083336 19.262
 47     9.646 53866.57031776 31.55 299.335152 -32.086616 19.262
 47     9.678 53866.57031840 34.89 299.334232 -32.089886 19.262
 47     9.871 53866.57031905 38.34 299.333312 -32.093166 19.262
 47     9.906 53866.57031969 42.35 299.332392 -32.096436 19.262
 47     9.844 53866.57032034 43.72 299.331482 -32.099716 19.262
 47     9.834 53866.57032098 43.81 299.330562 -32.102986 19.262
 47     9.791 53866.57032163 42.84 299.329642 -32.106266 19.262
 47     9.814 53866.57032227 41.00 299.328722 -32.109536 19.262
 47     9.791 53866.57032292 39.81 299.327802 -32.112816 19.262
 47     9.767 53866.57032356 37.99 299.326892 -32.116096 19.262
 47     9.776 53866.57032421 38.46 299.325972 -32.119366 19.262
 47     9.765 53866.57032485 36.58 299.325052 -32.122646 19.262
 47     9.731 53866.57032550 41.65 299.324130 -32.125916 19.169
 48    80.348 53901.57034061  0.28 299.346563 -32.056803  2.467
 48    81.504 53901.57034190  0.19 299.344733 -32.063363  2.467
 48    83.029 53901.57034255  0.62 299.343813 -32.066633  2.467
 48    44.668 53901.57035350  0.80 299.328212 -32.122324 15.147
 49     9.081 53936.57038094 18.58 299.336633 -32.059245 20.994
 49     9.827 53936.57038158 17.97 299.335723 -32.062525 20.994
 49     9.500 53936.57038738 34.30 299.327463 -32.092005 20.994
 49     9.113 53936.57038803 31.95 299.326543 -32.095275 20.994
 49     9.007 53936.57038867 23.97 299.325633 -32.098555 20.994
 49     9.006 53936.57038932 20.88 299.324713 -32.101825 20.994
 49     8.862 53936.57038996 20.10 299.323793 -32.105105 20.994
 49     8.864 53936.57039061 20.53 299.322873 -32.108375 20.994
 49     8.747 53936.57039125 21.28 299.321963 -32.111655 20.994
 49     8.782 53936.57039190 22.64 299.321043 -32.114935 20.994
 49     8.666 53936.57039254 25.83 299.320123 -32.118205 20.994
 49     8.606 53936.57039319 26.01 299.319203 -32.121485 20.994
 49     8.761 53936.57039383 25.04 299.318285 -32.124754 27.407
 49     8.700 53936.57039448 23.81 299.317365 -32.128034 27.407
 50     9.406 53971.57034594 23.93 299.346303 -32.054337 14.145
 50     9.147 53971.57034659 24.96 299.345383 -32.057607 14.145
 50     8.941 53971.57034723 19.86 299.344463 -32.060887 14.145
 50     8.564 53971.57034788 17.12 299.343549 -32.064160 14.738
 50     9.150 53971.57034852 15.95 299.342629 -32.067440 14.738
 50     9.375 53971.57034917 15.53 299.341719 -32.070710 14.738
 50     9.437 53971.57034981 16.09 299.340799 -32.073990 14.738
 50     9.470 53971.57035046 23.18 299.339879 -32.077260 14.738
 50    10.053 53971.57035110 18.98 299.338969 -32.080540 14.738
 50     9.016 53971.57035175 22.11 299.338049 -32.083820 14.738
 50     9.482 53971.57035239 24.66 299.337129 -32.087090 14.738
 50     9.271 53971.57035303 22.65 299.336219 -32.090370 14.738
 50     8.956 53971.57035368 21.05 299.335299 -32.093640 14.738
 50     8.855 53971.57035432 19.71 299.334379 -32.096920 14.738
 50     8.546 53971.57035497 19.28 299.333459 -32.100190 14.738
 50     8.374 53971.57035561 18.64 299.332549 -32.103470 14.738
 50     8.475 53971.57035626 19.10 299.331629 -32.106750 14.738
 50     8.601 53971.57035690 20.87 299.330709 -32.110020 14.738
 50     8.252 53971.57035755 22.14 299.329799 -32.113300 14.738
 50     8.299 53971.57035819 29.19 299.328879 -32.116570 14.738
 50     8.601 53971.57035884 32.44 299.327959 -32.119850 14.738
 50     8.754 53971.57035948 40.59 299.327039 -32.123120 14.738
 51     9.344 54006.57032787 28.06 299.346696 -32.054588 14.117
 51     9.329 54006.57032851 26.01 299.345779 -32.057859 12.870
 51     9.330 54006.57032916 15.99 299.344859 -32.061139 12.870
 51     8.669 54006.57032980 16.29 299.343939 -32.064409 12.870
 51     8.751 54006.57033045 14.59 299.343029 -32.067689 12.870
 51     9.022 54006.57033109 14.60 299.342109 -32.070959 12.870
 51     9.112 54006.57033173 15.80 299.341189 -32.074239 12.870
 51     9.231 54006.57033238 21.11 299.340269 -32.077519 12.870
 51     9.202 54006.57033302 22.58 299.339349 -32.080789 12.870
 51     9.105 54006.57033367 29.84 299.338439 -32.084069 12.870
 51     9.895 54006.57033431 22.14 299.337519 -32.087339 12.870
 51     9.106 54006.57033496 23.18 299.336599 -32.090619 12.870
 51     8.834 54006.57033560 22.13 299.335679 -32.093889 12.870
 51     8.772 54006.57033625 20.23 299.334759 -32.097169 12.870
 51     8.604 54006.57033689 17.84 299.333849 -32.100439 12.870
 51     8.441 54006.57033754 17.80 299.332929 -32.103719 12.870
 51     8.454 54006.57033818 18.27 299.332009 -32.106989 12.870
 51     8.596 54006.57033883 19.03 299.331089 -32.110269 12.870
 51     8.720 54006.57033947 18.87 299.330169 -32.113549 12.870
 51     8.619 54006.57034012 23.80 299.329259 -32.116819 12.870
 51     8.706 54006.57034076 27.09 299.328339 -32.120099 12.870
 51     8.822 54006.57034140 32.44 299.327422 -32.123368 37.110
 52     9.355 54041.57035944 16.23 299.344837 -32.075277 12.519
 52     9.461 54041.57036009 15.63 299.343917 -32.078547 12.519
 52     9.506 54041.57036073 18.13 299.342997 -32.081827 12.519
 52     9.614 54041.57036138 19.04 299.342077 -32.085097 12.519
 52     9.840 54041.57036202 17.39 299.341167 -32.088377 12.519
 52    10.102 54041.57036266 15.78 299.340247 -32.091647 12.519
 52     9.735 54041.57036331 16.49 299.339327 -32.094927 12.519
 52     9.304 54041.57036395 18.04 299.338407 -32.098197 12.519
 52     9.156 54041.57036460 18.08 299.337497 -32.101477 12.519
 52     9.009 54041.57036524 19.07 299.336577 -32.104747 12.519
 52     9.024 54041.57036589 19.33 299.335657 -32.108027 12.519
 52     9.007 54041.57036653 21.26 299.334737 -32.111307 12.519
 52     9.270 54041.57036718 23.36 299.333817 -32.114577 12.519
 52     9.387 54041.57036782 29.48 299.332907 -32.117857 12.519
 52     9.455 54041.57036847 42.06 299.331987 -32.121127 12.519
 53     9.824 54076.57035392 18.95 299.344026 -32.077668 14.088
 53    10.907 54076.57035456 18.52 299.343116 -32.080948 14.088
 53    11.629 54076.57035521 18.74 299.342196 -32.084228 14.088
 53    11.372 54076.57035585 18.63 299.341276 -32.087498 14.088
 53    11.245 54076.57035650 19.95 299.340356 -32.090778 14.088
 53    11.329 54076.57035714 20.70 299.339446 -32.094048 14.088
 53    11.484 54076.57035779 21.71 299.338526 -32.097328 14.088
 53     9.581 54076.57036295 42.20 299.331186 -32.123528 14.088
 54    11.956 54111.57029649 17.73 299.343240 -32.088013 15.657
 54    11.527 54111.57029713 17.85 299.342320 -32.091283 15.657
 54    10.278 54111.57029778 17.58 299.341400 -32.094563 15.657
 54    10.146 54111.57029842 16.94 299.340490 -32.097833 15.657
 54     9.811 54111.57029907 17.34 299.339570 -32.101113 15.657
 54    10.017 54111.57029971 17.98 299.338650 -32.104383 15.657
 54     9.866 54111.57030035 22.29 299.337740 -32.107663 15.657
 54     9.824 54111.57030100 28.17 299.336820 -32.110943 15.657
 54    10.071 54111.57030164 28.61 299.335900 -32.114213 15.657
 54     9.945 54111.57030229 38.66 299.334990 -32.117493 15.657
 54    10.264 54111.57030293 31.21 299.334070 -32.120763 15.657
 55    11.788 54146.57029110 24.84 299.346049 -32.055559 17.657
 55    10.895 54146.57029175 20.72 299.345127 -32.058831 16.070
 55    10.642 54146.57029239 22.08 299.344217 -32.062111 16.070
 55    10.384 54146.57029303 22.16 299.343297 -32.065381 16.070
 55    11.198 54146.57029368 22.99 299.342377 -32.068661 16.070
 55    11.276 54146.57029432 25.76 299.341457 -32.071931 16.070
 55    11.277 54146.57029497 30.17 299.340547 -32.075211 16.070
 55    11.494 54146.57029561 36.05 299.339627 -32.078481 16.070
 55    12.115 54146.57029626 32.54 299.338707 -32.081761 16.070
 55    11.271 54146.57029690 30.76 299.337797 -32.085041 16.070
 55    10.981 54146.57029755 31.10 299.336877 -32.088311 16.070
 55    10.675 54146.57029819 29.92 299.335957 -32.091591 16.070
 55    10.650 54146.57029884 27.47 299.335037 -32.094861 16.070
 55    10.386 54146.57029948 26.28 299.334117 -32.098141 16.070
 55    10.441 54146.57030013 25.20 299.333207 -32.101411 16.070
 55    10.625 54146.57030077 25.33 299.332287 -32.104691 16.070
 55    10.837 54146.57030142 28.21 299.331367 -32.107961 16.070
 55    10.945 54146.57030206 31.42 299.330447 -32.111241 16.070
 55    11.047 54146.57030270 32.17 299.329537 -32.114521 16.070
 55    11.171 54146.57030335 35.38 299.328617 -32.117791 16.070
 55    11.148 54146.57030399 40.53 299.327697 -32.121071 16.070
 55    11.198 54146.57030464 32.93 299.326775 -32.124340 40.689
 56    11.939 54181.57028252 26.83 299.344718 -32.080408 18.269
 56    12.095 54181.57028317 26.86 299.343798 -32.083688 18.269
 56    12.035 54181.57028381 25.86 299.342878 -32.086968 18.269
 56    11.955 54181.57028445 24.72 299.341968 -32.090238 18.269
 56    11.818 54181.57028510 24.68 299.341048 -32.093518 18.269
 56    11.674 54181.57028574 25.77 299.340128 -32.096788 18.269
 56    11.793 54181.57028639 26.92 299.339218 -32.100068 18.269
 56    11.886 54181.57028703 29.33 299.338298 -32.103338 18.269
 56    11.933 54181.57028768 33.04 299.337378 -32.106618 18.269
 56    12.134 54181.57028832 39.93 299.336468 -32.109898 18.269
 56    12.107 54181.57028897 48.78 299.335548 -32.113168 18.269
 56    12.119 54181.57028961 51.86 299.334628 -32.116448 18.269
 56    12.106 54181.57029026 38.11 299.333708 -32.119718 18.269
 57    11.641 54216.57029867 23.63 299.345498 -32.055493 11.421
 57    11.873 54216.57030576 23.88 299.335406 -32.091526 11.077
 57    10.713 54216.57030640 22.83 299.334486 -32.094796 11.077
 57    10.307 54216.57030705 22.49 299.333566 -32.098076 11.077
 57    10.388 54216.57030769 22.63 299.332656 -32.101356 11.077
 57    10.550 54216.57030834 22.98 299.331736 -32.104626 11.077
 57    10.559 54216.57030898 23.34 299.330816 -32.107906 11.077
 57    10.698 54216.57030963 24.59 299.329896 -32.111176 11.077
 57    10.980 54216.57031027 26.35 299.328986 -32.114456 11.077
 57    10.952 54216.57031091 31.78 299.328066 -32.117726 11.077
 57    10.991 54216.57031156 39.99 299.327146 -32.121006 11.077
 57    11.200 54216.57031220 31.69 299.326224 -32.124277 42.082
 58    10.956 54251.57032544 29.16 299.346437 -32.056988 29.233
 58    10.885 54251.57032608 24.40 299.345518 -32.060259 23.843
 58    10.553 54251.57032673 25.20 299.344608 -32.063539 23.843
 58    10.541 54251.57032737 24.33 299.343688 -32.066809 23.843
 58    10.781 54251.57032802 24.62 299.342768 -32.070089 23.843
 58    10.915 54251.57032866 27.44 299.341858 -32.073359 23.843
 58    10.977 54251.57032930 33.69 299.340938 -32.076639 23.843
 58    10.877 54251.57032995 31.32 299.340018 -32.079919 23.843
 58    10.738 54251.57033059 30.26 299.339098 -32.083189 23.843
 58    10.629 54251.57033124 31.87 299.338188 -32.086469 23.843
 58    10.748 54251.57033188 31.99 299.337268 -32.089739 23.843
 58    10.895 54251.57033253 35.05 299.336348 -32.093019 23.843
 58    10.834 54251.57033317 38.02 299.335428 -32.096289 23.843
 58    10.828 54251.57033382 39.10 299.334518 -32.099569 23.843
 58    10.819 54251.57033446 40.87 299.333598 -32.102839 23.843
 58    10.814 54251.57033511 39.96 299.332678 -32.106119 23.843
 58    10.824 54251.57033575 37.71 299.331758 -32.109399 23.843
 58    10.769 54251.57033640 40.87 299.330848 -32.112669 23.843
 58    10.786 54251.57033704 45.66 299.329928 -32.115949 23.843
 58    10.819 54251.57033769 42.89 299.329008 -32.119219 23.843
 58    10.848 54251.57033833 39.81 299.328088 -32.122499 23.843
 59     9.683 54286.57033520 32.08 299.344893 -32.075438 33.635
 59     9.930 54286.57033585 33.44 299.343973 -32.078718 33.635
 59    10.014 54286.57033649 37.55 299.343053 -32.081988 33.635
 59    10.133 54286.57033714 41.98 299.342143 -32.085268 33.635
 59    10.136 54286.57033778 46.69 299.341223 -32.088538 33.635
 59    10.098 54286.57033843 49.38 299.340303 -32.091818 33.635
 59    10.051 54286.57033907 49.85 299.339383 -32.095088 33.635
 59    10.009 54286.57033972 48.06 299.338473 -32.098368 33.635
 59     9.983 54286.57034036 49.19 299.337553 -32.101638 33.635
 59     9.958 54286.57034100 48.25 299.336633 -32.104918 33.635
 59     9.932 54286.57034165 46.24 299.335713 -32.108188 33.635
 59     9.974 54286.57034229 45.93 299.334803 -32.111468 33.635
 59    10.196 54286.57034294 39.86 299.333883 -32.114748 33.635
 59    10.287 54286.57034358 48.13 299.332963 -32.118018 33.635
 59    10.043 54286.57034423 51.59 299.332043 -32.121298 33.635
 60     9.579 54321.57033017 14.80 299.347028 -32.066476 12.385
 60     9.645 54321.57033081 16.23 299.346108 -32.069756 12.385
 60     9.891 54321.57033145 15.91 299.345188 -32.073026 12.385
 60    10.403 54321.57033210 16.89 299.344278 -32.076306 12.385
 60    10.671 54321.57033274 19.22 299.343358 -32.079576 12.385
 60    10.767 54321.57033339 20.53 299.342438 -32.082856 12.385
 60    12.022 54321.57033403 18.32 299.341528 -32.086136 12.385
 60    10.355 54321.57033468 18.04 299.340608 -32.089406 12.385
 60     9.888 54321.57033532 19.24 299.339688 -32.092686 12.385
 60     9.586 54321.57033597 19.68 299.338768 -32.095956 12.385
 60     9.488 54321.57033661 19.41 299.337858 -32.099236 12.385
 60     9.719 54321.57033726 18.90 299.336938 -32.102516 12.385
 60     9.862 54321.57033790 24.04 299.336018 -32.105786 12.385
 60     9.978 54321.57033855 26.88 299.335098 -32.109066 12.385
 60    10.119 54321.57033919 30.49 299.334188 -32.112336 12.385
 60    10.170 54321.57033984 30.48 299.333268 -32.115616 12.385
 60    10.076 54321.57034048 45.05 299.332348 -32.118886 12.385
 60    10.297 54321.57034112 30.79 299.331428 -32.122166 12.385
 61    87.705 54356.57029359  7.17 299.345135 -32.084613  3.228
 61    87.558 54356.57029423  6.88 299.344215 -32.087883  3.228
 61    86.864 54356.57029488  6.26 299.343305 -32.091163  3.228
 61    86.306 54356.57029552  6.16 299.342385 -32.094433  3.228
 61    85.313 54356.57029617  5.06 299.341465 -32.097713  3.228
 61    84.434 54356.57029681  3.60 299.340555 -32.100983  3.228
 61    82.993 54356.57029746  2.89 299.339635 -32.104263  3.228
 61    82.442 54356.57029810  2.69 299.338715 -32.107543  3.228
 61    80.921 54356.57029875  2.51 299.337795 -32.110813  3.228
 61    78.729 54356.57029939  1.96 299.336885 -32.114093  3.228
 61    76.187 54356.57030004  1.94 299.335965 -32.117363  3.228
 61    75.154 54356.57030068  0.82 299.335045 -32.120643  3.228
 62     9.389 54391.57026968 26.51 299.347757 -32.059494 16.542
 62     9.763 54391.57027032 23.82 299.346837 -32.062774 16.542
 62     9.194 54391.57027097 23.15 299.345917 -32.066047 18.171
 62     8.940 54391.57027161 24.24 299.345007 -32.069327 18.171
 62     8.822 54391.57027226 25.98 299.344087 -32.072597 18.171
 62    10.272 54391.57027742 40.03 299.336747 -32.098807 18.171
 62     9.162 54391.57027806 43.77 299.335827 -32.102077 18.171
 62     8.913 54391.57027870 42.32 299.334917 -32.105357 18.171
 62     9.072 54391.57027935 39.57 299.333997 -32.108627 18.171
 62     9.075 54391.57027999 40.26 299.333077 -32.111907 18.171
 62     9.084 54391.57028064 40.36 299.332157 -32.115177 18.171
 62     9.027 54391.57028128 34.03 299.331237 -32.118457 18.171
 62     9.042 54391.57028193 50.06 299.330327 -32.121737 18.171
 63    11.113 54426.57024299 14.73 299.344192 -32.079312 13.678
 63    12.266 54426.57024363 15.07 299.343272 -32.082582 13.678
 63    11.699 54426.57024428 15.35 299.342362 -32.085862 13.678
 63     9.166 54426.57024492 20.89 299.341442 -32.089132 13.678
 63     9.400 54426.57024556 18.86 299.340522 -32.092412 13.678
 63     8.879 54426.57024621 20.41 299.339612 -32.095692 13.678
 63     8.719 54426.57024685 18.59 299.338692 -32.098962 13.678
 63     8.682 54426.57024750 18.51 299.337772 -32.102242 13.678
 63     9.139 54426.57024814 17.42 299.336852 -32.105512 13.678
 63     9.362 54426.57024879 19.30 299.335942 -32.108792 13.678
 63     9.446 54426.57024943 23.43 299.335022 -32.112062 13.678
 63     9.553 54426.57025008 23.96 299.334102 -32.115342 13.678
 63     9.307 54426.57025072 23.43 299.333182 -32.118622 13.678
 63     9.312 54426.57025137 25.58 299.332272 -32.121892 13.678
 64     9.405 54461.57024655 32.11 299.346670 -32.058352 26.835
 64     9.416 54461.57024719 29.60 299.345750 -32.061632 26.835
 64     9.317 54461.57024784 27.18 299.344835 -32.064905 31.032
 64     9.254 54461.57024848 25.77 299.343915 -32.068185 31.032
 64     9.274 54461.57024913 26.02 299.342995 -32.071455 31.032
 64     9.379 54461.57024977 27.10 299.342075 -32.074735 31.032
 64     9.552 54461.57025042 26.02 299.341165 -32.078005 31.032
 64     9.444 54461.57025106 36.54 299.340245 -32.081285 31.032
 64     9.496 54461.57025171 42.09 299.339325 -32.084555 31.032
 64     9.588 54461.57025235 46.09 299.338405 -32.087835 31.032
 64     9.560 54461.57025299 43.46 299.337495 -32.091115 31.032
 64     9.448 54461.57025364 44.89 299.336575 -32.094385 31.032
 64     9.408 54461.57025428 45.21 299.335655 -32.097665 31.032
 64     9.376 54461.57025493 42.94 299.334735 -32.100935 31.032
 64     9.333 54461.57025557 44.78 299.333825 -32.104215 31.032
 64     9.298 54461.57025622 43.50 299.332905 -32.107485 31.032
 64     9.296 54461.57025686 43.72 299.331985 -32.110765 31.032
 64     9.424 54461.57025751 47.01 299.331065 -32.114035 31.032
 64     9.451 54461.57025815 45.60 299.330145 -32.117315 31.032
 64     9.338 54461.57025880 34.65 299.329235 -32.120595 31.032
 64     9.245 54461.57025944 31.92 299.328315 -32.123865 31.032
 65    10.406 54496.57025035 16.23 299.344564 -32.079685  7.913
 65    11.032 54496.57025100 16.97 299.343654 -32.082955  7.913
 65    10.491 54496.57025164 16.06 299.342734 -32.086235  7.913
 65    10.622 54496.57025228 17.07 299.341814 -32.089505  7.913
 65     9.696 54496.57025293 16.85 299.340904 -32.092785  7.913
 65     9.424 54496.57025357 17.79 299.339984 -32.096065  7.913
 65     9.415 54496.57025422 16.88 299.339064 -32.099335  7.913
 65     9.424 54496.57025486 17.29 299.338154 -32.102615  7.913
 65     9.620 54496.57025551 17.67 299.337234 -32.105885  7.913
 65     9.542 54496.57025615 20.12 299.336314 -32.109165  7.913
 65     9.240 54496.57025680 24.43 299.335394 -32.112435  7.913
 65     9.367 54496.57025744 23.42 299.334484 -32.115715  7.913
 65     9.616 54496.57025809 37.76 299.333562 -32.118987 34.069
 65     9.862 54496.57025873 44.53 299.332642 -32.122267 34.069
 66     9.739 54531.57025974 18.57 299.348097 -32.059901 10.807
 66     9.385 54531.57026038 15.58 299.347177 -32.063181 10.807
 66     9.179 54531.57026103 16.80 299.346267 -32.066451 10.807
 66     9.349 54531.57026167 18.84 299.345347 -32.069731 10.807
 66     9.868 54531.57026231 15.51 299.344427 -32.073001 10.807
 66     9.725 54531.57026296 17.04 299.343517 -32.076281 10.807
 66     9.591 54531.57026360 21.73 299.342597 -32.079561 10.807
 66    10.131 54531.57026425 20.61 299.341677 -32.082831 10.807
 66     9.523 54531.57026489 21.74 299.340757 -32.086111 10.807
 66     9.613 54531.57026554 20.91 299.339847 -32.089381 10.807
 66     9.295 54531.57026618 18.76 299.338927 -32.092661 10.807
 66     9.027 54531.57026683 18.65 299.338007 -32.095931 10.807
 66     9.215 54531.57026747 16.17 299.337087 -32.099211 10.807
 66     9.012 54531.57026812 16.27 299.336173 -32.102483 26.769
 66     8.887 54531.57026876 16.76 299.335253 -32.105763 26.769
 66     8.868 54531.57026941 17.46 299.334343 -32.109033 26.769
 66     8.785 54531.57027005 19.85 299.333423 -32.112313 26.769
 66     9.099 54531.57027070 16.92 299.332503 -32.115583 26.769
 66     9.262 54531.57027134 16.25 299.331583 -32.118863 26.769
 66     9.375 54531.57027199 20.76 299.330663 -32.122143 26.769
 67    10.656 54566.57025567 19.47 299.345204 -32.082085 18.009
 67    10.462 54566.57025632 19.64 299.344294 -32.085355 18.009
 67     9.671 54566.57025696 20.36 299.343374 -32.088635 18.009
 67     9.855 54566.57025761 22.41 299.342454 -32.091915 18.009
 67     9.845 54566.57025825 27.37 299.341534 -32.095185 18.009
 67     9.723 54566.57025890 25.74 299.340624 -32.098465 18.009
 67     9.669 54566.57025954 24.90 299.339704 -32.101735 18.009
 67     9.679 54566.57026019 25.24 299.338784 -32.105015 18.009
 67     9.746 54566.57026083 30.77 299.337874 -32.108285 18.009
 67     9.643 54566.57026148 28.50 299.336954 -32.111565 18.009
 67     9.557 54566.57026212 28.12 299.336039 -32.114837 30.046
 67     9.645 54566.57026277 44.04 299.335119 -32.118117 30.046
 67     9.748 54566.57026341 50.78 299.334199 -32.121387 30.046
 68    11.390 54601.57025492 17.34 299.346676 -32.058760 14.464
 68    10.636 54601.57025556 16.78 299.345756 -32.062030 14.464
 68    10.934 54601.57025621 15.83 299.344846 -32.065310 14.464
 68    11.052 54601.57025685 15.95 299.343926 -32.068580 14.464
 68    11.563 54601.57025750 15.82 299.343006 -32.071860 14.464
 68    11.926 54601.57025814 17.30 299.342086 -32.075130 14.464
 68    12.019 54601.57025879 16.76 299.341176 -32.078410 14.464
 68    11.809 54601.57025943 18.23 299.340256 -32.081690 14.464
 68    12.204 54601.57026008 18.48 299.339336 -32.084960 14.464
 68     9.616 54601.57026266 21.32 299.335666 -32.098060 14.464
 68     9.739 54601.57026330 19.98 299.334756 -32.101340 14.464
 68     9.395 54601.57026394 20.68 299.333834 -32.104610 34.641
 68     9.558 54601.57026459 20.50 299.332914 -32.107890 34.641
 68     9.842 54601.57026523 20.97 299.331994 -32.111160 34.641
 68    10.007 54601.57026588 20.85 299.331084 -32.114440 34.641
 68    10.076 54601.57026652 28.84 299.330164 -32.117720 34.641
 68    10.256 54601.57026717 35.98 299.329244 -32.120990 34.641
 68    10.308 54601.57026781 37.98 299.328324 -32.124270 34.641
 69     9.723 54636.57026678 21.37 299.346630 -32.058219 18.178
 69     9.486 54636.57026743 19.06 299.345710 -32.061499 18.178
 69     9.157 54636.57026807 16.73 299.344790 -32.064779 18.178
 69     9.380 54636.57026872 16.14 299.343880 -32.068049 18.178
 69     9.489 54636.57026936 16.20 299.342960 -32.071329 18.178
 69     9.771 54636.57027001 15.21 299.342040 -32.074599 18.178
 69     9.664 54636.57027065 18.87 299.341130 -32.077879 18.178
 69    10.352 54636.57027130 20.14 299.340210 -32.081149 18.178
 69    10.063 54636.57027194 19.23 299.339290 -32.084429 18.178
 69     9.341 54636.57027259 28.72 299.338380 -32.087699 18.178
 69     9.674 54636.57027323 27.19 299.337460 -32.090979 18.178
 69     9.277 54636.57027387 21.11 299.336540 -32.094259 18.178
 69     8.812 54636.57027452 19.34 299.335620 -32.097529 18.178
 69     8.722 54636.57027516 17.07 299.334710 -32.100809 18.178
 69     8.534 54636.57027581 19.42 299.333790 -32.104080 34.116
 69     8.704 54636.57027645 19.32 299.332870 -32.107360 34.116
 69     8.775 54636.57027710 19.90 299.331950 -32.110630 34.116
 69     8.842 54636.57027774 20.04 299.331040 -32.113910 34.116
 69     8.980 54636.57027839 24.35 299.330120 -32.117180 34.116
 69     9.173 54636.57027903 32.06 299.329200 -32.120460 34.116
 69     9.378 54636.57027968 45.31 299.328280 -32.123730 34.116
 70    81.257 54671.57027028  1.76 299.347186 -32.059528  2.546
 70    82.607 54671.57027093  1.78 299.346266 -32.062798  2.546
 70    83.499 54671.57027157  1.54 299.345346 -32.066078  2.546
 70    84.580 54671.57027222  0.97 299.344426 -32.069358  2.546
 70    81.821 54671.57027286  0.22 299.343516 -32.072628  2.546
 71    11.822 54706.57023546 17.74 299.344690 -32.083701  9.603
 71    10.610 54706.57023610 17.81 299.343780 -32.086971  9.603
 71    10.276 54706.57023675 17.18 299.342860 -32.090251  9.603
 71     9.900 54706.57023739 18.10 299.341940 -32.093521  9.603
 71     9.504 54706.57023804 17.86 299.341020 -32.096801  9.603
 71     9.430 54706.57023868 17.01 299.340110 -32.100081  9.603
 71     9.093 54706.57023933 17.12 299.339190 -32.103351  9.603
 71     9.251 54706.57023997 16.28 299.338270 -32.106631  9.603
 71     9.135 54706.57024061 20.50 299.337350 -32.109901  9.603
 71     9.111 54706.57024126 23.97 299.336440 -32.113181  9.603
 71     9.663 54706.57024190 21.07 299.335521 -32.116452 31.578
 71     9.817 54706.57024255 22.08 299.334601 -32.119732 31.578
 72    80.560 54741.57023725  1.31 299.343462 -32.069196  5.713
 72    84.730 54741.57023789  1.11 299.342542 -32.072466  5.713
 72    84.477 54741.57023854  0.38 299.341632 -32.075746  5.713
 72    85.654 54741.57023918  0.10 299.340712 -32.079026  5.713
 73    10.362 54776.57021610 18.10 299.345120 -32.078663  7.784
 73    10.005 54776.57022062 21.88 299.338700 -32.101593  7.784
 73    10.165 54776.57022126 21.77 299.337780 -32.104863  7.784
 73     9.674 54776.57022191 20.78 299.336870 -32.108143  7.784
 73     9.319 54776.57022255 22.60 299.335951 -32.111416 27.093
 73     9.432 54776.57022320 21.91 299.335031 -32.114696 27.093
 73     9.730 54776.57022384 19.69 299.334111 -32.117966 27.093
 73     9.779 54776.57022449 20.60 299.333201 -32.121246 27.093
 74    10.152 54811.57022714 33.44 299.346334 -32.054210 20.454
 74     9.782 54811.57022778 25.32 299.345414 -32.057490 20.454
 74     9.540 54811.57022843 16.36 299.344504 -32.060760 20.454
 74     9.264 54811.57022907 17.54 299.343584 -32.064040 20.454
 74     9.320 54811.57022972 17.35 299.342668 -32.067313 11.054
 74     9.649 54811.57023036 18.12 299.341748 -32.070593 11.054
 74     9.681 54811.57023101 16.21 299.340828 -32.073863 11.054
 74     9.799 54811.57023165 20.91 299.339908 -32.077143 11.054
 74    10.345 54811.57023230 20.40 299.338998 -32.080413 11.054
 74     9.585 54811.57023294 21.01 299.338078 -32.083693 11.054
 74     9.622 54811.57023359 29.30 299.337158 -32.086963 11.054
 74    10.039 54811.57023423 26.81 299.336238 -32.090243 11.054
 74     9.423 54811.57023488 22.36 299.335328 -32.093523 11.054
 74     9.065 54811.57023552 19.29 299.334408 -32.096793 11.054
 74     9.089 54811.57023616 17.25 299.333488 -32.100073 11.054
 74     9.002 54811.57023681 17.86 299.332568 -32.103343 11.054
 74     9.090 54811.57023745 17.33 299.331648 -32.106623 11.054
 74     9.127 54811.57023810 17.22 299.330738 -32.109893 11.054
 74     9.365 54811.57023874 15.31 299.329818 -32.113173 11.054
 74     9.656 54811.57023939 16.07 299.328898 -32.116443 11.054
 74     9.953 54811.57024003 23.51 299.327978 -32.119723 11.054
 74     9.946 54811.57024068 24.25 299.327058 -32.123003 11.054
 75     8.437 54846.57021576 20.04 299.344515 -32.076965  8.992
 75     8.770 54846.57021640 20.37 299.343605 -32.080235  8.992
 75     9.038 54846.57021705 20.58 299.342685 -32.083515  8.992
 75     8.522 54846.57022092 26.90 299.337185 -32.103165  8.992
 75     8.724 54846.57022156 28.38 299.336265 -32.106445  8.992
 75     8.551 54846.57022221 31.65 299.335348 -32.109716 14.475
 75     8.366 54846.57022285 34.43 299.334428 -32.112996 14.475
 75     9.050 54846.57022350 29.78 299.333508 -32.116266 14.475
 75     8.228 54846.57022414 27.98 299.332598 -32.119546 14.475
 75     8.295 54846.57022478 26.52 299.331678 -32.122816 14.475
 76     9.116 54881.57023154 39.98 299.345892 -32.056255 19.557
 76     8.947 54881.57023218 35.43 299.344972 -32.059535 19.557
 76     8.683 54881.57023283 24.30 299.344062 -32.062805 19.557
 76     8.984 54881.57023347 24.13 299.343142 -32.066085 19.557
 76     8.628 54881.57023412 24.60 299.342222 -32.069355 19.557
 76     8.766 54881.57023476 22.77 299.341312 -32.072635 19.557
 76     9.117 54881.57023541 23.92 299.340392 -32.075905 19.557
 76     8.941 54881.57023605 31.51 299.339472 -32.079185 19.557
 76     9.072 54881.57023670 22.97 299.338562 -32.082455 19.557
 76     9.115 54881.57023734 23.68 299.337642 -32.085735 19.557
 76     8.825 54881.57023798 27.41 299.336722 -32.089015 19.557
 76     8.824 54881.57023863 25.40 299.335802 -32.092285 19.557
 76     8.684 54881.57023927 23.03 299.334892 -32.095565 19.557
 76     8.671 54881.57023992 19.93 299.333969 -32.098836 21.909
 76     8.517 54881.57024056 21.83 299.333049 -32.102116 21.909
 76     8.361 54881.57024121 23.61 299.332139 -32.105386 21.909
 76     8.233 54881.57024185 24.59 299.331219 -32.108666 21.909
 76     8.368 54881.57024250 24.25 299.330299 -32.111936 21.909
 76     8.558 54881.57024314 24.86 299.329379 -32.115216 21.909
 76     8.671 54881.57024379 29.36 299.328459 -32.118486 21.909
 76     8.905 54881.57024443 38.69 299.327549 -32.121766 21.909
 76     8.942 54881.57024508 43.79 299.326629 -32.125046 21.909
 77     9.396 54916.57021508 39.41 299.348694 -32.060085 22.684
 77     9.203 54916.57021573 37.61 299.347784 -32.063365 22.684
 77     9.294 54916.57021637 37.16 299.346864 -32.066635 22.684
 77     8.781 54916.57021701 35.30 299.345944 -32.069915 22.684
 77     9.260 54916.57021766 35.31 299.345034 -32.073195 22.684
 77     9.329 54916.57021830 34.05 299.344114 -32.076465 22.684
 77     9.288 54916.57021895 36.37 299.343194 -32.079745 22.684
 77     9.176 54916.57021959 29.18 299.342284 -32.083015 22.684
 77     9.258 54916.57022024 38.07 299.341364 -32.086295 22.684
 77     9.274 54916.57022088 37.74 299.340444 -32.089575 22.684
 77     9.243 54916.57022153 41.20 299.339524 -32.092845 22.684
 77     9.198 54916.57022217 42.82 299.338614 -32.096125 22.684
 77     9.168 54916.57022282 40.61 299.337694 -32.099395 22.684
 77     9.136 54916.57022346 36.84 299.336774 -32.102675 22.684
 77     9.037 54916.57022411 33.18 299.335864 -32.105945 22.684
 77     9.186 54916.57022475 34.84 299.334944 -32.109225 22.684
 77     9.197 54916.57022540 38.32 299.334029 -32.112500 20.600
 77     9.174 54916.57022604 36.92 299.333109 -32.115780 20.600
 77     9.112 54916.57022668 38.06 299.332189 -32.119050 20.600
 77     9.057 54916.57022733 43.35 299.331269 -32.122330 20.600
 78     8.815 54951.57022377 41.32 299.346733 -32.055014 21.492
 78     8.807 54951.57022442 39.02 299.345823 -32.058294 21.492
 78     8.663 54951.57022506 34.02 299.344903 -32.061564 21.492
 78     8.235 54951.57022571 20.84 299.343983 -32.064844 21.492
 78     8.270 54951.57022635 21.76 299.343063 -32.068124 21.492
 78     8.234 54951.57022700 21.91 299.342153 -32.071394 21.492
 78     7.596 54951.57022764 23.35 299.341233 -32.074674 21.492
 78     7.771 54951.57022829 24.49 299.340313 -32.077944 21.492
 78     8.415 54951.57022893 25.03 299.339403 -32.081224 21.492
 78     8.504 54951.57022958 25.88 299.338483 -32.084494 21.492
 78     8.635 54951.57023022 35.85 299.337563 -32.087774 21.492
 78     8.523 54951.57023087 33.00 299.336643 -32.091044 21.492
 78     8.466 54951.57023151 32.48 299.335733 -32.094324 21.492
 78     8.596 54951.57023215 32.37 299.334813 -32.097604 21.492
 78     8.631 54951.57023280 34.78 299.333893 -32.100874 21.492
 78     8.647 54951.57023344 36.30 299.332973 -32.104154 21.492
 78     8.607 54951.57023409 30.86 299.332059 -32.107424 15.620
 78     8.451 54951.57023473 28.37 299.331139 -32.110704 15.620
 78     8.354 54951.57023538 28.00 299.330229 -32.113974 15.620
 78     8.452 54951.57023602 27.13 299.329309 -32.117254 15.620
 78     8.477 54951.57023667 28.07 299.328389 -32.120534 15.620
 78     8.440 54951.57023731 36.71 299.327469 -32.123804 15.620
 79    79.795 54986.57024928  2.51 299.345149 -32.056318  2.238
 79    81.525 54986.57024992  1.18 299.344229 -32.059588  2.238
 79    82.484 54986.57025057  1.18 299.343309 -32.062868  2.238
 79    83.115 54986.57025121  0.45 299.342399 -32.066138  2.238
 79    84.054 54986.57025186  0.33 299.341479 -32.069418  2.238
 79    85.072 54986.57025250  0.10 299.340559 -32.072688  2.238
 79    30.185 54986.57026217  7.56 299.326797 -32.121827  9.857
 79    30.216 54986.57026282  4.92 299.325887 -32.125097  9.857
 80     8.710 55021.57024591 25.95 299.344650 -32.077767 19.481
 80     8.714 55021.57024655 24.28 299.343730 -32.081047 19.481
 80     8.734 55021.57024720 21.68 299.342810 -32.084327 19.481
 80     9.935 55021.57024784 20.62 299.341890 -32.087597 19.481
 80     8.862 55021.57024849 19.52 299.340980 -32.090877 19.481
 80     8.857 55021.57024913 19.22 299.340060 -32.094147 19.481
 80     8.808 55021.57024978 18.35 299.339140 -32.097427 19.481
 80     8.590 55021.57025042 19.02 299.338220 -32.100697 19.481
 80     8.189 55021.57025107 20.36 299.337310 -32.103977 19.481
 80     8.462 55021.57025171 20.97 299.336390 -32.107249 25.415
 80     8.662 55021.57025236 21.63 299.335470 -32.110529 25.415
 80     8.796 55021.57025300 24.33 299.334550 -32.113799 25.415
 80     8.772 55021.57025365 28.12 299.333640 -32.117079 25.415
 80     8.672 55021.57025429 31.37 299.332720 -32.120349 25.415
 81     9.159 55056.57024179 25.38 299.344888 -32.075119 13.117
 81     9.362 55056.57024243 25.78 299.343968 -32.078399 13.117
 81     9.578 55056.57024308 26.02 299.343048 -32.081669 13.117
 81     9.663 55056.57024372 26.68 299.342138 -32.084949 13.117
 81     9.681 55056.57024437 27.36 299.341218 -32.088219 13.117
 81     9.602 55056.57024501 29.13 299.340298 -32.091499 13.117
 81     9.595 55056.57024565 30.44 299.339388 -32.094779 13.117
 81     9.691 55056.57024630 31.46 299.338468 -32.098049 13.117
 81     9.723 55056.57024694 32.08 299.337548 -32.101329 13.117
 81     9.624 55056.57024759 32.65 299.336628 -32.104599 13.117
 81     9.514 55056.57024823 31.93 299.335718 -32.107879 13.117
 81     9.583 55056.57024888 30.71 299.334797 -32.111150 27.588
 81     9.508 55056.57024952 30.79 299.333877 -32.114430 27.588
 81     9.682 55056.57025017 33.50 299.332957 -32.117700 27.588
 81     9.828 55056.57025081 46.16 299.332047 -32.120980 27.588
 82    86.481 55091.57019995  4.57 299.345126 -32.076751  2.448
 82    86.841 55091.57020059  4.19 299.344206 -32.080021  2.448
 82    86.955 55091.57020124  3.29 299.343286 -32.083301  2.448
 82    87.213 55091.57020188  2.66 299.342376 -32.086571  2.448
 82    86.621 55091.57020252  2.34 299.341456 -32.089851  2.448
 82    85.664 55091.57020317  1.68 299.340536 -32.093121  2.448
 82    85.193 55091.57020381  0.92 299.339616 -32.096401  2.448
 82    84.768 55091.57020446  0.59 299.338706 -32.099671  2.448
 82    42.528 55091.57020897  5.17 299.332280 -32.122601 10.321
 83    10.235 55126.57017851 28.04 299.347369 -32.058415 20.638
 83    10.053 55126.57017916 28.06 299.346459 -32.061695 20.638
 83    10.367 55126.57017980 28.71 299.345539 -32.064965 20.638
 83    10.348 55126.57018045 26.85 299.344619 -32.068245 20.638
 83    10.145 55126.57018109 26.77 299.343699 -32.071515 20.638
 83    10.108 55126.57018174 28.30 299.342789 -32.074795 20.638
 83    10.092 55126.57018238 29.67 299.341869 -32.078075 20.638
 83    10.208 55126.57018302 30.89 299.340949 -32.081345 20.638
 83    10.241 55126.57018367 31.67 299.340039 -32.084625 20.638
 83    10.213 55126.57018431 38.20 299.339119 -32.087895 20.638
 83    10.321 55126.57018496 39.47 299.338199 -32.091175 20.638
 83    10.300 55126.57018560 36.70 299.337279 -32.094445 20.638
 83    10.214 55126.57018625 35.86 299.336369 -32.097725 20.638
 83    10.228 55126.57018689 35.70 299.335447 -32.100997 25.481
 83    10.095 55126.57018754 33.70 299.334527 -32.104277 25.481
 83     9.928 55126.57018818 33.57 299.333607 -32.107547 25.481
 83     9.837 55126.57018883 33.10 299.332697 -32.110827 25.481
 83    10.230 55126.57018947 31.23 299.331777 -32.114097 25.481
 83    10.261 55126.57019012 31.60 299.330857 -32.117377 25.481
 83    10.219 55126.57019076 44.00 299.329937 -32.120647 25.481
 83    10.243 55126.57019141 34.29 299.329027 -32.123927 25.481
 84    11.292 55161.57015792 21.67 299.348186 -32.061117 13.076
 84    10.629 55161.57015856 23.35 299.347276 -32.064397 13.076
 84    10.934 55161.57015921 22.28 299.346356 -32.067677 13.076
 84    11.195 55161.57015985 22.15 299.345436 -32.070947 13.076
 84    11.299 55161.57016050 23.29 299.344526 -32.074227 13.076
 84    11.220 55161.57016114 25.59 299.343606 -32.077497 13.076
 84    11.250 55161.57016179 26.43 299.342686 -32.080777 13.076
 84    11.218 55161.57016243 29.60 299.341776 -32.084047 13.076
 84    11.337 55161.57016308 27.88 299.340856 -32.087327 13.076
 84    11.385 55161.57016372 27.91 299.339936 -32.090607 13.076
 84    11.010 55161.57016437 26.15 299.339016 -32.093877 13.076
 84    10.706 55161.57016501 27.51 299.338106 -32.097157 13.076
 84    10.902 55161.57016566 27.60 299.337186 -32.100427 13.076
 84    11.112 55161.57016630 29.64 299.336266 -32.103707 13.076
 84    11.286 55161.57016695 34.24 299.335346 -32.106977 13.076
 84    11.269 55161.57016759 35.14 299.334436 -32.110257 13.076
 84    11.281 55161.57016823 35.99 299.333516 -32.113530 36.170
 84    11.411 55161.57016888 36.13 299.332596 -32.116810 36.170
 84    11.411 55161.57016952 40.51 299.331676 -32.120080 36.170
 84    11.369 55161.57017017 33.63 299.330766 -32.123360 36.170
 85    13.010 55196.57016858 28.19 299.345895 -32.055689 10.525
 85    11.592 55196.57017632 26.04 299.334885 -32.094999 10.525
 85    11.504 55196.57017696 24.43 299.333965 -32.098279 10.525
 85    11.435 55196.57017760 24.90 299.333049 -32.101549 30.553
 85    11.586 55196.57017825 23.55 299.332129 -32.104829 30.553
 85    11.682 55196.57017889 23.12 299.331219 -32.108099 30.553
 85    11.874 55196.57017954 24.76 299.330299 -32.111379 30.553
 85    11.879 55196.57018018 25.49 299.329379 -32.114659 30.553
 85    11.869 55196.57018083 30.50 299.328459 -32.117929 30.553
 85    11.977 55196.57018147 41.39 299.327539 -32.121209 30.553
 85    12.036 55196.57018212 31.90 299.326629 -32.124479 30.553
 86    86.244 55231.57016465  6.57 299.344935 -32.075019  2.713
 86    86.789 55231.57016529  5.48 299.344015 -32.078299  2.713
 86    87.038 55231.57016594  4.91 299.343095 -32.081569  2.713
 86    87.009 55231.57016658  4.54 299.342185 -32.084849  2.713
 86    85.822 55231.57016723  4.06 299.341265 -32.088129  2.713
 86    85.492 55231.57016787  3.02 299.340345 -32.091399  2.713
 86    85.503 55231.57016852  2.43 299.339435 -32.094679  2.713
 86    84.629 55231.57016916  2.55 299.338515 -32.097949  2.713
 86    84.117 55231.57016981  1.28 299.337595 -32.101229  2.713
 86    82.570 55231.57017045  0.84 299.336685 -32.104499  2.713
 86    70.122 55231.57017110  0.21 299.335765 -32.107779  2.713
 86    55.072 55231.57017238  4.53 299.333929 -32.114331 10.878
 86    48.259 55231.57017303  4.90 299.333009 -32.117601 10.878
 87    11.965 55266.57016397 37.48 299.347262 -32.059786 30.506
 87    12.084 55266.57016461 40.55 299.346352 -32.063066 30.506
 87    12.226 55266.57016526 41.00 299.345432 -32.066336 30.506
 87    12.138 55266.57016590 41.28 299.344512 -32.069616 30.506
 87    11.953 55266.57016654 35.24 299.343592 -32.072886 30.506
 87    11.925 55266.57016719 34.10 299.342682 -32.076166 30.506
 87    11.872 55266.57016783 31.97 299.341762 -32.079436 30.506
 87    11.954 55266.57016848 30.99 299.340842 -32.082716 30.506
 87    11.972 55266.57016912 29.70 299.339932 -32.085996 30.506
 87    11.875 55266.57016977 29.70 299.339012 -32.089266 30.506
 87    12.045 55266.57017041 32.30 299.338092 -32.092546 30.506
 87    12.117 55266.57017106 34.21 299.337172 -32.095816 30.506
 87    12.115 55266.57017170 37.90 299.336262 -32.099096 30.506
 87    12.103 55266.57017235 42.47 299.335340 -32.102369 40.281
 87    11.996 55266.57017299 42.00 299.334420 -32.105649 40.281
 87    11.911 55266.57017364 39.67 299.333500 -32.108919 40.281
 87    11.899 55266.57017428 37.33 299.332590 -32.112199 40.281
 87    11.928 55266.57017493 43.02 299.331670 -32.115469 40.281
 87    11.969 55266.57017557 40.10 299.330750 -32.118749 40.281
 87    12.011 55266.57017621 35.00 299.329830 -32.122019 40.281
 88    87.121 55301.57014624  3.58 299.345354 -32.083266  3.160
 88    87.205 55301.57014689  2.42 299.344434 -32.086546  3.160
 88    86.445 55301.57014753  0.52 299.343524 -32.089816  3.160
 88    85.179 55301.57014818  1.26 299.342604 -32.093096  3.160
 88    74.867 55301.57014882  0.71 299.341684 -32.096366  3.160
 88    46.936 55301.57015269  3.79 299.336184 -32.116026  3.160
 89    11.427 55336.57013928 28.24 299.347755 -32.059333 18.545
 89    11.440 55336.57013993 26.95 299.346835 -32.062603 18.545
 89    11.354 55336.57014057 25.97 299.345915 -32.065883 18.545
 89    11.413 55336.57014122 23.83 299.344995 -32.069163 18.545
 89    11.053 55336.57014186 24.51 299.344085 -32.072433 18.545
 89    11.170 55336.57014251 23.60 299.343165 -32.075713 18.545
 89    11.296 55336.57014315 25.75 299.342245 -32.078983 18.545
 89    11.174 55336.57014380 25.71 299.341335 -32.082263 18.545
 89    11.078 55336.57014444 26.25 299.340415 -32.085533 18.545
 89    11.049 55336.57014509 25.95 299.339495 -32.088813 18.545
 89    11.036 55336.57014573 24.87 299.338585 -32.092083 18.545
 89    10.876 55336.57014637 24.72 299.337665 -32.095363 18.545
 89    10.914 55336.57014702 23.51 299.336745 -32.098643 18.545
 89    10.937 55336.57014766 23.54 299.335825 -32.101913 18.545
 89    11.071 55336.57014831 23.34 299.334915 -32.105193 18.545
 89    11.248 55336.57014895 24.93 299.333994 -32.108462 43.400
 89    11.329 55336.57014960 29.85 299.333074 -32.111742 43.400
 89    11.385 55336.57015024 37.50 299.332154 -32.115012 43.400
 89    11.362 55336.57015089 39.21 299.331244 -32.118292 43.400
 89    11.201 55336.57015153 46.14 299.330324 -32.121572 43.400
 91     9.861 55406.57014811 38.30 299.348057 -32.058504 18.012
 91     9.740 55406.57014875 24.64 299.347137 -32.061784 18.012
 91     9.217 55406.57014940 25.76 299.346217 -32.065054 18.012
 91     8.901 55406.57015004 24.42 299.345297 -32.068334 18.012
 91     9.005 55406.57015069 22.16 299.344387 -32.071604 18.012
 91     9.497 55406.57015133 20.64 299.343467 -32.074884 18.012
 91     9.771 55406.57015198 22.12 299.342547 -32.078154 18.012
 91    10.799 55406.57015262 20.56 299.341637 -32.081434 18.012
 91     9.893 55406.57015327 21.52 299.340717 -32.084704 18.012
 91     9.725 55406.57015391 23.56 299.339797 -32.087984 18.012
 91     9.690 55406.57015456 22.92 299.338877 -32.091264 18.012
 91     9.489 55406.57015520 22.00 299.337967 -32.094534 18.012
 91     9.244 55406.57015585 21.09 299.337047 -32.097814 18.012
 91     9.325 55406.57015649 20.00 299.336127 -32.101084 18.012
 91     9.521 55406.57015714 20.33 299.335207 -32.104364 18.012
 91     9.805 55406.57015778 19.77 299.334291 -32.107635 27.021
 91    10.006 55406.57015842 22.41 299.333371 -32.110915 27.021
 91    10.114 55406.57015907 23.52 299.332461 -32.114185 27.021
 91    10.155 55406.57015971 23.14 299.331541 -32.117465 27.021
 91     9.881 55406.57016036 30.21 299.330621 -32.120735 27.021
 91     9.821 55406.57016100 35.12 299.329701 -32.124015 27.021
 92    86.552 55441.57015169  7.03 299.344419 -32.077581  2.450
 92    86.773 55441.57015234  6.13 299.343499 -32.080851  2.450
 92    86.954 55441.57015298  5.38 299.342589 -32.084131  2.450
 92    86.586 55441.57015363  5.19 299.341669 -32.087411  2.450
 92    86.372 55441.57015427  3.98 299.340749 -32.090681  2.450
 92    85.371 55441.57015492  3.27 299.339839 -32.093961  2.450
 92    85.382 55441.57015556  2.68 299.338919 -32.097231  2.450
 92    84.092 55441.57015621  2.16 299.337999 -32.100511  2.450
 92    82.605 55441.57015685  1.10 299.337079 -32.103781  2.450
 92    80.544 55441.57015750  0.64 299.336169 -32.107061  2.450
 92    79.698 55441.57015814  0.17 299.335249 -32.110332 10.030
 92    77.926 55441.57015878  0.23 299.334329 -32.113612 10.030
 93    87.601 55476.57009589  0.45 299.344976 -32.086098  2.628
 93    86.727 55476.57009654  0.10 299.344056 -32.089378  2.628
