#    0.000   0.000   0.000 ;Mean Elev.(m), Avg Gradient(m/km), RMS Gradient(m/km) - SRTM1     
#    0.000   0.000   0.000 ;Mean Elev.(m), Avg Gradient(m/km), RMS Gradient(m/km) - ASTER GDEM
#    9.637  -0.294   1.401 ;Mean Elev.(m), Avg Gradient(m/km), RMS Gradient(m/km) - GMTED2010 
  7 299.447397 -31.698070    12.880    12.870  7 52466.57022334 46.155
  8 299.449544 -31.695333    11.970    12.056  6 52501.57021556 22.385
  9 299.443524 -31.691221    12.062    11.795  3 52536.57020131 19.405
 10 299.445502 -31.696684    12.496    12.518  6 52571.57023799 24.493
 11 299.452671 -31.693359    12.908    12.804  4 52606.57020007 25.116
 12 299.444347 -31.695393    13.943    13.987  5 52641.57019528 39.371
 13 299.451101 -31.698758    15.464    12.935  7 52676.57018424 22.527
 14 299.444670 -31.694786    13.948    13.958  6 52711.57021181 37.868
 15 299.441243 -31.697685    13.243    13.421  7 52746.57023938 42.951
 16 299.443274 -31.693227    12.739    12.633  5 52781.57017672 27.038
 17 299.441971 -31.694727    11.997    11.873  5 52816.57025738 19.113
 18 299.446556 -31.696384    11.264    11.355  7 52851.57030864 36.034
 19 299.446072 -31.689279    11.757    11.757  2 52886.57034169 23.254
 20 299.450297 -31.697651    11.773    11.900  7 52921.57029867 27.036
 21 299.450523 -31.697102    11.720    11.719  7 52956.57026357 32.215
 22 299.453134 -31.694136    11.801    11.816  4 52991.57028149 15.262
 23 299.457511 -31.700918    13.084    13.095  7 53026.57024865 32.806
 24 299.453329 -31.700661    11.809    11.822  7 53061.57025841 44.601
 25 299.445126 -31.695985    11.578    11.533  6 53096.57028390 31.652
 26 299.454037 -31.699153    12.174    12.177  7 53131.57025687 42.153
 28 299.448073 -31.692176    12.043    12.040  4 53201.57033274 18.216
 29 299.456535 -31.700586    12.451    12.448  8 53236.57030317 40.772
 30 299.445838 -31.695380    11.237    11.160  6 53271.57026095 23.089
 31 299.440527 -31.695293    11.408    11.389  5 53306.57032539 18.761
 32 299.449254 -31.696487    13.049    13.086  6 53341.57029288 26.516
 33 299.453690 -31.699401    12.895    12.908  8 53376.57022530 23.375
 34 299.451254 -31.697182    13.055    13.130  7 53411.57026816 26.433
 35 299.443170 -31.695153    12.064    12.024  5 53446.57025063 30.275
 36 299.439407 -31.697411    12.550    12.626  7 53481.57033619 37.124
 37 299.449696 -31.695243    12.031    11.991  5 53516.57033864 18.534
 38 299.442816 -31.696682    12.683    12.734  6 53551.57035995 45.735
 39 299.452778 -31.697908    11.842    11.843  7 53586.57031543 46.774
 40 299.438028 -31.694418    10.559    10.803  4 53621.57027839 18.869
 41 299.445896 -31.691771    14.565    15.753  3 53656.57030614 16.574
 42 299.446988 -31.698735    13.251    13.245  7 53691.57029506 50.189
 43 299.454687 -31.698586    12.253    12.181  7 53726.57021847 23.157
 44 299.451890 -31.699285    12.283    12.283  7 53761.57016991 39.429
 45 299.453792 -31.699455    11.797    11.803  8 53796.57018364 47.870
 47 299.443998 -31.696777    12.302    12.301  7 53866.57024104 46.728
 48 299.447588 -31.694815    12.959    13.091  6 53901.57026937 16.882
 49 299.437663 -31.697257    11.332    11.318  6 53936.57030970 19.211
 50 299.446379 -31.695610    11.099    11.049  6 53971.57027535 31.444
 51 299.446853 -31.695875    15.807    13.885  6 54006.57025727 15.373
 52 299.450015 -31.698540    12.013    12.065  7 54041.57028530 33.197
 53 299.450078 -31.697646    14.078    12.110  7 54076.57027914 21.092
 54 299.452451 -31.696511    12.556    12.478  6 54111.57021945 18.092
 55 299.446179 -31.696843    13.897    13.875  6 54146.57022051 20.664
 56 299.450737 -31.700388    14.605    14.563  7 54181.57020774 34.467
 57 299.446087 -31.695134    12.703    12.609  5 54216.57022775 21.958
 58 299.447466 -31.694996    13.165    13.250  6 54251.57025420 34.676
 59 299.450031 -31.698709    12.482    12.483  7 54286.57026107 49.529
 60 299.450339 -31.696293    17.109    12.530  4 54321.57025732 17.640
 61 299.452988 -31.698037    11.790    11.764  7 54356.57021752 26.819
 62 299.449241 -31.695862    11.467    11.436  5 54391.57019812 22.895
 63 299.451612 -31.694374    12.692    11.867  4 54426.57016724 15.849
 64 299.447258 -31.698000    12.095    12.100  7 54461.57017563 41.430
 65 299.450618 -31.699664    12.183    12.199  7 54496.57017557 38.106
 66 299.449601 -31.696266    12.102    12.010  5 54531.57018818 15.630
 67 299.452140 -31.698784    12.394    12.417  7 54566.57018025 43.845
 68 299.447251 -31.698408    12.295    12.281  7 54601.57018400 25.133
 69 299.447647 -31.696231    12.126    12.493  6 54636.57019555 16.797
 70 299.448196 -31.697528    15.112    14.392  6 54671.57019905 14.841
 71 299.451649 -31.700410    13.484    13.245  7 54706.57016003 15.903
 72 299.447715 -31.695744    14.769    15.671  5 54741.57016376 14.769
 73 299.451172 -31.698636    12.776    12.149  7 54776.57014132 19.200
 74 299.446477 -31.695491    12.951    13.059  6 54811.57015655 17.292
 75 299.450555 -31.696950    10.953    10.941  7 54846.57014098 22.210
 76 299.446018 -31.697539    11.348    11.376  6 54881.57016095 23.017
 77 299.449222 -31.699710    11.866    11.862  7 54916.57014417 45.859
 78 299.446851 -31.696304    11.284    11.281  6 54951.57015318 28.786
 79 299.446174 -31.694328    11.158    11.152  6 54986.57017804 20.434
 80 299.450702 -31.697756    11.617    11.661  7 55021.57017113 37.788
 81 299.450024 -31.698386    14.141    12.257  7 55056.57016765 27.106
 82 299.452054 -31.693457    16.693    16.727  3 55091.57012452 20.418
 83 299.447950 -31.698057    12.775    12.725  7 55126.57010760 37.411
 84 299.449654 -31.697475    15.342    13.716  7 55161.57008636 25.406
 85 299.446484 -31.695344    13.743    13.522  5 55196.57009766 25.899
 86 299.450501 -31.696640    14.618    14.689  6 55231.57009019 27.700
 87 299.448300 -31.697782    14.077    14.073  6 55266.57009273 27.426
 88 299.452293 -31.699971    13.974    13.651  7 55301.57007081 21.189
 89 299.448307 -31.698985    13.593    13.559  7 55336.57006837 29.161
 90 299.450434 -31.696461    12.781    12.729  5 55371.57005787 18.177
 91 299.449095 -31.696509    12.182    12.206  6 55406.57007687 35.328
 92 299.450927 -31.695933    12.651    12.202  6 55441.57007659 24.070
 93 299.453734 -31.696254    15.123    13.944  5 55476.57001918 16.263
